Runtime: 1 ms
1
2
2
6
7
7
8
8
10
11
13
13
13
15
15
15
17
17
17
18
18
19
19
20
20
21
21
26
27
27
28
29
29
30
32
35
36
37
37
37
39
41
42
42
43
45
45
46
50
50
50
53
53
53
55
55
55
56
57
58
58
59
59
60
60
60
61
61
61
61
62
62
63
65
66
66
68
70
71
72
73
74
74
75
75
75
75
77
77
77
77
79
79
80
80
80
81
82
82
82
83
85
86
87
88
88
88
90
91
92
93
94
94
95
96
96
97
97
98
99
99
99
100
101
103
103
103
104
104
104
108
112
112
113
115
118
120
121
121
121
122
130
131
131
132
132
136
137
139
139
139
139
140
140
141
144
146
146
147
148
150
151
151
153
158
158
159
159
160
161
162
165
167
167
170
171
172
173
174
174
175
176
177
178
180
180
181
182
183
183
185
186
187
188
190
191
193
194
195
196
197
198
199
199
203
203
205
205
208
212
213
215
217
218
219
220
220
221
222
222
224
228
228
229
230
231
231
233
233
234
234
234
235
236
236
237
239
242
242
243
244
246
246
247
248
252
253
254
255
256
257
258
259
259
259
262
263
263
263
264
264
266
267
269
270
271
271
276
277
278
280
280
281
281
282
282
283
283
285
286
287
287
287
287
287
287
288
290
290
291
294
297
300
301
301
302
302
304
304
304
306
307
307
308
308
309
309
309
310
310
310
311
312
314
314
314
315
315
317
321
323
323
326
326
327
328
328
330
330
330
331
333
335
337
337
338
342
343
343
344
345
349
350
351
352
353
353
354
354
355
355
355
356
356
357
360
360
361
362
362
362
363
364
365
367
368
370
371
371
374
375
375
375
377
379
380
380
381
381
381
381
381
382
383
385
385
387
392
394
396
397
401
404
404
405
405
405
406
408
408
414
416
417
418
418
418
420
420
421
421
421
422
422
423
424
426
428
434
436
437
438
439
442
443
446
446
448
452
452
454
455
456
456
457
457
458
459
460
463
463
464
464
467
468
470
472
474
475
475
475
476
477
478
479
479
480
480
482
483
485
486
490
491
495
496
496
496
496
498
499
501
501
502
503
504
504
504
505
505
505
506
506
508
508
508
512
512
513
513
513
513
515
515
517
518
519
519
519
521
522
522
522
522
523
523
524
524
525
526
527
527
528
528
530
530
532
533
534
540
541
545
546
547
547
550
550
551
552
553
553
553
554
556
559
561
562
564
565
567
567
569
572
573
574
574
574
574
575
575
576
577
578
578
579
579
579
580
580
580
582
583
585
585
585
586
588
588
588
588
589
590
590
590
592
593
593
593
595
596
596
597
598
599
600
601
601
604
605
605
607
607
607
609
609
609
609
611
612
613
616
617
617
617
619
620
620
620
622
623
624
625
625
626
627
627
629
630
631
631
632
633
635
635
636
637
638
639
644
645
646
647
648
648
650
650
653
655
656
658
659
660
660
661
661
662
662
663
665
668
668
669
669
671
671
672
674
674
674
675
675
679
679
680
682
682
685
685
687
691
693
694
699
699
701
701
704
705
708
708
708
708
710
712
712
713
715
717
720
721
723
723
726
726
726
728
729
730
730
731
733
735
736
738
738
739
739
740
741
741
742
742
743
743
744
745
745
746
747
747
750
752
752
752
753
753
754
757
759
759
760
760
761
761
762
763
763
763
764
764
764
765
765
765
766
767
768
769
770
771
772
773
773
773
774
774
775
777
779
780
781
782
784
785
787
788
789
794
796
797
799
799
799
799
799
800
802
804
804
806
808
808
808
809
809
809
809
811
812
813
816
817
817
819
820
820
821
821
821
822
822
824
826
827
827
829
829
829
829
830
831
832
832
833
834
836
837
838
839
840
841
842
842
847
848
849
850
852
854
854
854
855
856
859
859
859
860
861
862
862
863
869
869
870
871
871
872
874
874
875
876
877
878
878
880
880
880
882
882
882
883
885
885
885
886
889
890
891
891
893
893
895
895
895
896
897
897
899
901
903
907
908
910
910
911
914
914
916
917
917
918
918
921
922
923
924
925
925
926
927
930
930
932
935
935
936
936
937
937
937
937
938
939
940
940
941
941
942
943
943
944
946
949
949
949
950
950
950
950
951
953
956
956
957
958
959
960
961
962
963
964
965
966
967
968
969
969
970
973
975
975
976
976
977
980
980
982
982
982
983
986
987
987
988
990
990
991
993
993
994
995
996
999
999
1000
1002
1002
1004
1006
1011
1011
1015
1015
1018
1019
1020
1021
1022
1023
1023
1023
1025
1026
1028
1028
1030
1031
1032
1032
1033
1035
1036
1036
1038
1038
1038
1040
1040
1041
1042
1045
1046
1047
1047
1049
1049
1050
1052
1053
1054
1055
1056
1056
1057
1058
1059
1060
1060
1063
1063
1063
1064
1064
1065
1065
1066
1066
1066
1069
1071
1071
1072
1072
1073
1075
1075
1075
1076
1077
1077
1077
1078
1079
1079
1080
1080
1083
1085
1086
1086
1086
1087
1087
1090
1090
1090
1091
1094
1095
1096
1098
1098
1098
1099
1099
1100
1101
1102
1102
1103
1104
1104
1105
1108
1109
1110
1110
1112
1112
1112
1113
1114
1114
1115
1115
1116
1116
1116
1117
1120
1122
1123
1124
1125
1126
1128
1131
1132
1133
1134
1134
1136
1138
1138
1139
1140
1140
1141
1142
1142
1142
1143
1143
1144
1145
1150
1150
1151
1151
1151
1152
1152
1152
1153
1153
1153
1154
1154
1157
1158
1158
1160
1161
1161
1162
1162
1162
1166
1168
1168
1173
1174
1176
1177
1178
1179
1180
1181
1181
1182
1182
1183
1184
1185
1188
1189
1190
1193
1193
1193
1195
1195
1197
1199
1203
1203
1203
1207
1209
1210
1211
1212
1212
1214
1214
1215
1215
1218
1219
1220
1222
1222
1222
1226
1226
1230
1232
1232
1235
1237
1237
1238
1240
1241
1241
1242
1242
1245
1245
1246
1250
1251
1251
1251
1254
1256
1256
1256
1258
1258
1264
1265
1266
1267
1268
1269
1269
1270
1270
1271
1272
1272
1272
1272
1273
1274
1274
1275
1275
1275
1275
1277
1277
1278
1278
1278
1279
1279
1279
1279
1281
1282
1282
1283
1283
1284
1284
1286
1287
1288
1290
1291
1291
1292
1293
1293
1295
1297
1299
1299
1300
1300
1302
1303
1304
1306
1306
1307
1308
1309
1310
1310
1311
1312
1313
1313
1313
1313
1314
1314
1314
1314
1315
1318
1318
1319
1322
1324
1324
1325
1325
1327
1327
1327
1328
1328
1328
1329
1331
1332
1332
1335
1337
1337
1338
1338
1338
1338
1338
1339
1341
1341
1343
1344
1346
1346
1348
1349
1350
1352
1354
1354
1356
1356
1357
1360
1361
1361
1361
1362
1363
1363
1364
1365
1367
1371
1373
1374
1375
1375
1376
1376
1377
1378
1379
1380
1381
1382
1382
1383
1384
1384
1384
1387
1388
1388
1389
1390
1391
1392
1392
1392
1393
1393
1394
1397
1397
1398
1399
1401
1402
1404
1404
1405
1407
1408
1409
1409
1409
1410
1411
1412
1413
1414
1414
1414
1415
1415
1416
1416
1416
1416
1416
1416
1420
1421
1422
1423
1423
1423
1424
1424
1427
1427
1428
1428
1429
1431
1431
1433
1434
1434
1436
1437
1438
1438
1438
1438
1440
1441
1444
1445
1446
1448
1449
1449
1449
1450
1450
1451
1451
1452
1453
1455
1458
1459
1460
1461
1461
1463
1463
1464
1466
1466
1471
1471
1472
1473
1474
1475
1477
1477
1478
1478
1481
1482
1483
1484
1485
1485
1485
1486
1486
1487
1487
1488
1488
1488
1488
1488
1489
1489
1492
1492
1495
1495
1496
1497
1498
1498
1499
1500
1503
1508
1508
1510
1511
1511
1512
1512
1513
1513
1513
1514
1514
1516
1519
1519
1521
1522
1523
1524
1525
1525
1525
1527
1529
1529
1529
1529
1530
1531
1531
1532
1532
1534
1534
1536
1538
1540
1540
1541
1541
1541
1542
1542
1542
1543
1544
1544
1545
1545
1548
1549
1551
1551
1552
1553
1554
1557
1557
1558
1558
1560
1562
1563
1563
1563
1564
1564
1564
1565
1567
1567
1567
1568
1568
1569
1569
1569
1570
1571
1574
1575
1576
1577
1578
1578
1578
1578
1580
1580
1581
1581
1582
1583
1584
1584
1585
1585
1587
1587
1589
1590
1591
1591
1591
1592
1592
1593
1594
1594
1594
1595
1595
1596
1596
1596
1596
1596
1598
1599
1599
1599
1600
1601
1602
1602
1603
1604
1604
1607
1607
1608
1608
1609
1609
1610
1610
1613
1613
1613
1615
1615
1618
1619
1619
1619
1620
1620
1621
1621
1621
1621
1621
1623
1624
1624
1625
1625
1625
1626
1627
1627
1628
1630
1630
1630
1631
1634
1634
1637
1637
1637
1637
1638
1638
1641
1643
1643
1645
1646
1647
1648
1651
1652
1653
1653
1653
1653
1654
1655
1655
1658
1659
1662
1663
1665
1666
1667
1669
1669
1669
1669
1670
1672
1674
1674
1674
1675
1675
1676
1676
1677
1677
1680
1680
1680
1685
1685
1686
1687
1688
1688
1689
1692
1693
1694
1696
1696
1696
1699
1699
1701
1701
1701
1703
1704
1705
1705
1706
1707
1708
1710
1712
1713
1714
1714
1716
1718
1718
1718
1719
1722
1724
1724
1724
1726
1727
1728
1730
1731
1731
1731
1734
1735
1736
1738
1738
1739
1740
1740
1740
1742
1742
1743
1745
1749
1751
1752
1753
1754
1754
1754
1755
1755
1755
1755
1756
1756
1756
1756
1757
1757
1757
1758
1759
1760
1762
1763
1764
1768
1769
1770
1770
1771
1771
1772
1773
1774
1775
1776
1778
1778
1778
1779
1779
1780
1780
1780
1781
1783
1783
1785
1787
1792
1792
1793
1794
1794
1795
1797
1799
1800
1802
1803
1804
1805
1806
1808
1809
1810
1810
1814
1814
1817
1818
1818
1819
1820
1821
1822
1823
1823
1823
1825
1825
1826
1827
1827
1831
1831
1833
1834
1835
1835
1837
1838
1839
1842
1844
1845
1848
1851
1851
1853
1853
1854
1854
1855
1855
1856
1856
1856
1859
1860
1862
1862
1864
1865
1865
1866
1867
1868
1870
1871
1872
1873
1874
1875
1875
1875
1876
1878
1880
1882
1885
1886
1887
1887
1887
1887
1889
1890
1890
1890
1892
1892
1893
1894
1898
1898
1898
1899
1899
1900
1901
1902
1904
1904
1905
1907
1907
1909
1910
1911
1912
1913
1914
1915
1916
1916
1916
1917
1917
1917
1917
1917
1919
1920
1921
1921
1921
1922
1923
1923
1923
1924
1924
1924
1925
1927
1928
1928
1928
1929
1929
1929
1930
1930
1931
1931
1931
1932
1933
1934
1936
1938
1939
1940
1940
1940
1940
1941
1941
1942
1944
1945
1946
1946
1948
1948
1951
1951
1953
1953
1953
1954
1956
1957
1961
1963
1964
1966
1966
1967
1967
1968
1969
1972
1973
1977
1977
1977
1978
1979
1980
1980
1980
1980
1981
1982
1983
1985
1986
1987
1988
1989
1990
1990
1994
1996
1997
1998
1998
2000
2001
2003
2004
2005
2006
2006
2007
2007
2008
2008
2009
2009
2010
2010
2013
2013
2015
2015
2017
2019
2021
2021
2022
2022
2023
2023
2023
2024
2025
2025
2026
2027
2028
2028
2030
2030
2030
2032
2032
2032
2032
2032
2034
2034
2034
2036
2036
2037
2038
2038
2039
2040
2040
2040
2042
2042
2044
2045
2049
2050
2051
2052
2053
2054
2055
2058
2059
2063
2065
2065
2066
2067
2067
2068
2069
2072
2072
2074
2074
2074
2077
2080
2080
2080
2081
2081
2081
2081
2083
2083
2084
2085
2087
2087
2087
2088
2088
2089
2089
2093
2095
2095
2096
2096
2096
2096
2097
2100
2102
2102
2103
2104
2104
2104
2107
2108
2108
2112
2114
2114
2115
2116
2116
2116
2118
2119
2120
2121
2121
2122
2124
2126
2128
2128
2128
2128
2129
2131
2132
2134
2136
2136
2139
2139
2139
2141
2143
2143
2146
2146
2147
2152
2152
2153
2154
2155
2155
2155
2156
2158
2159
2159
2159
2160
2161
2161
2163
2164
2165
2167
2168
2170
2171
2174
2175
2175
2178
2178
2179
2180
2180
2182
2185
2186
2187
2189
2189
2190
2192
2193
2194
2194
2194
2195
2195
2199
2199
2202
2202
2203
2203
2203
2204
2205
2208
2208
2210
2211
2212
2213
2214
2216
2219
2221
2221
2221
2222
2224
2225
2225
2227
2227
2227
2228
2229
2230
2231
2233
2233
2233
2233
2233
2234
2234
2234
2235
2236
2237
2237
2237
2238
2240
2240
2240
2241
2241
2242
2244
2246
2246
2250
2250
2251
2253
2253
2254
2255
2256
2256
2256
2256
2261
2261
2264
2266
2267
2267
2269
2269
2270
2273
2274
2275
2275
2276
2277
2279
2281
2281
2282
2282
2283
2283
2285
2287
2288
2288
2289
2290
2292
2293
2296
2296
2297
2297
2297
2298
2298
2298
2298
2299
2301
2304
2305
2306
2307
2311
2311
2312
2312
2316
2321
2322
2323
2323
2323
2324
2325
2325
2326
2329
2329
2329
2330
2331
2331
2332
2334
2334
2335
2335
2336
2336
2337
2338
2338
2339
2340
2341
2343
2344
2345
2347
2347
2348
2351
2351
2351
2353
2353
2354
2356
2357
2361
2361
2361
2361
2362
2363
2367
2368
2368
2369
2369
2369
2370
2373
2373
2377
2377
2377
2380
2380
2381
2382
2383
2384
2386
2386
2387
2387
2388
2389
2390
2390
2391
2393
2394
2397
2397
2397
2398
2401
2402
2402
2402
2403
2404
2405
2405
2407
2407
2409
2411
2412
2412
2415
2416
2416
2416
2417
2417
2417
2418
2419
2419
2421
2424
2425
2426
2427
2427
2427
2428
2429
2429
2430
2430
2430
2431
2432
2432
2435
2435
2435
2436
2437
2437
2438
2438
2438
2439
2440
2440
2441
2442
2442
2445
2446
2448
2449
2449
2450
2450
2451
2451
2453
2454
2455
2456
2457
2459
2460
2462
2462
2465
2466
2466
2467
2468
2469
2471
2471
2471
2471
2477
2477
2477
2478
2478
2479
2485
2485
2487
2487
2489
2489
2489
2490
2490
2490
2490
2492
2492
2495
2498
2498
2498
2498
2498
2499
2501
2502
2503
2504
2505
2506
2506
2507
2507
2508
2509
2511
2512
2514
2514
2516
2518
2520
2520
2521
2522
2523
2523
2524
2525
2527
2529
2530
2531
2532
2532
2532
2535
2535
2536
2539
2542
2543
2544
2544
2545
2545
2545
2546
2547
2547
2548
2550
2550
2552
2552
2552
2553
2554
2554
2555
2555
2555
2557
2558
2559
2560
2561
2564
2564
2565
2567
2568
2569
2570
2570
2570
2572
2573
2574
2577
2579
2579
2580
2581
2582
2583
2585
2585
2586
2587
2587
2587
2590
2591
2595
2596
2596
2597
2598
2602
2603
2603
2604
2608
2608
2608
2610
2610
2612
2612
2613
2613
2614
2614
2618
2618
2619
2619
2621
2623
2623
2623
2625
2626
2626
2628
2628
2628
2630
2631
2635
2637
2639
2639
2641
2641
2642
2642
2644
2646
2647
2649
2649
2650
2650
2650
2651
2652
2652
2654
2656
2657
2657
2658
2658
2658
2661
2662
2666
2666
2667
2667
2668
2671
2673
2674
2675
2676
2676
2677
2678
2680
2680
2681
2687
2687
2688
2689
2690
2693
2694
2697
2699
2700
2702
2703
2707
2708
2709
2709
2709
2709
2711
2712
2713
2714
2715
2716
2717
2718
2719
2719
2721
2722
2723
2725
2725
2725
2726
2726
2730
2730
2733
2735
2737
2738
2738
2739
2739
2740
2741
2741
2741
2742
2742
2743
2744
2745
2745
2746
2746
2746
2746
2747
2749
2750
2750
2750
2751
2751
2753
2756
2757
2757
2757
2758
2762
2762
2763
2766
2766
2767
2767
2767
2767
2768
2768
2769
2770
2770
2771
2771
2771
2773
2774
2775
2775
2775
2777
2777
2778
2780
2780
2780
2783
2783
2784
2784
2785
2788
2788
2789
2791
2791
2792
2792
2793
2793
2794
2796
2796
2797
2798
2798
2799
2800
2802
2803
2803
2803
2805
2805
2806
2806
2806
2808
2809
2809
2811
2813
2817
2818
2818
2818
2818
2819
2820
2821
2823
2824
2826
2827
2828
2828
2829
2830
2831
2832
2835
2837
2837
2838
2839
2840
2841
2842
2843
2843
2843
2844
2844
2845
2846
2846
2847
2849
2850
2851
2852
2854
2854
2856
2856
2857
2857
2858
2861
2861
2861
2864
2864
2866
2867
2868
2868
2869
2872
2875
2875
2876
2877
2878
2879
2879
2880
2881
2881
2884
2885
2886
2887
2887
2890
2892
2896
2896
2898
2900
2901
2902
2903
2903
2903
2914
2914
2915
2919
2919
2920
2924
2926
2926
2927
2928
2929
2929
2929
2930
2930
2932
2937
2939
2940
2942
2943
2944
2944
2946
2947
2948
2948
2949
2949
2951
2953
2953
2953
2956
2957
2957
2959
2959
2961
2961
2963
2963
2967
2969
2971
2971
2973
2973
2973
2973
2974
2976
2977
2977
2978
2978
2980
2981
2981
2983
2984
2985
2986
2987
2988
2988
2992
2992
2994
2995
2995
2997
3001
3001
3001
3001
3002
3002
3003
3003
3005
3006
3006
3010
3011
3011
3016
3016
3016
3016
3018
3019
3019
3020
3022
3023
3024
3024
3024
3026
3028
3029
3029
3031
3032
3037
3037
3039
3039
3039
3040
3041
3041
3043
3043
3044
3044
3045
3046
3047
3049
3049
3050
3050
3051
3052
3053
3055
3055
3056
3056
3058
3058
3059
3060
3060
3061
3063
3063
3065
3067
3069
3070
3071
3071
3071
3072
3073
3073
3073
3073
3074
3077
3078
3078
3080
3081
3082
3082
3082
3083
3084
3084
3084
3085
3086
3086
3088
3090
3090
3091
3091
3091
3095
3095
3097
3097
3097
3097
3098
3100
3100
3101
3101
3101
3102
3103
3103
3105
3105
3105
3106
3108
3108
3109
3110
3111
3112
3113
3113
3115
3115
3115
3116
3118
3118
3119
3121
3121
3121
3124
3125
3125
3127
3128
3131
3132
3132
3134
3136
3137
3138
3138
3139
3141
3141
3141
3144
3145
3148
3148
3148
3150
3150
3151
3152
3152
3153
3154
3154
3155
3156
3157
3158
3158
3160
3161
3162
3162
3162
3163
3163
3164
3165
3167
3170
3171
3171
3172
3172
3173
3174
3176
3176
3178
3178
3181
3182
3183
3184
3186
3186
3187
3187
3188
3189
3189
3189
3190
3191
3192
3193
3193
3193
3193
3194
3194
3195
3197
3197
3198
3198
3200
3200
3201
3202
3204
3204
3204
3205
3206
3206
3207
3209
3211
3211
3211
3211
3213
3215
3217
3217
3218
3218
3219
3219
3222
3222
3223
3224
3224
3225
3226
3227
3229
3229
3230
3231
3233
3235
3236
3236
3238
3238
3239
3239
3239
3239
3240
3241
3241
3242
3242
3242
3243
3245
3246
3247
3247
3250
3251
3255
3256
3256
3260
3263
3264
3265
3266
3266
3272
3275
3275
3276
3276
3277
3278
3278
3280
3280
3280
3280
3284
3284
3285
3293
3293
3294
3294
3295
3296
3297
3297
3297
3298
3299
3301
3302
3302
3303
3303
3303
3304
3306
3307
3308
3308
3310
3310
3311
3314
3315
3315
3315
3315
3317
3319
3320
3322
3322
3322
3322
3324
3332
3334
3335
3335
3335
3336
3336
3337
3337
3338
3338
3341
3342
3343
3344
3345
3346
3347
3347
3348
3350
3350
3353
3353
3353
3354
3354
3355
3358
3359
3359
3360
3360
3360
3361
3361
3363
3363
3365
3366
3366
3366
3368
3370
3372
3376
3378
3380
3381
3381
3383
3383
3384
3385
3386
3387
3387
3387
3389
3389
3390
3392
3393
3394
3394
3397
3398
3399
3399
3400
3402
3403
3403
3404
3404
3405
3406
3407
3407
3408
3409
3410
3411
3411
3412
3412
3413
3415
3416
3418
3419
3419
3421
3424
3424
3424
3425
3425
3427
3427
3427
3427
3429
3429
3431
3434
3435
3436
3438
3439
3439
3440
3440
3441
3441
3442
3443
3444
3444
3447
3448
3451
3452
3453
3454
3454
3455
3455
3458
3459
3459
3460
3461
3462
3465
3466
3467
3471
3471
3477
3477
3477
3477
3478
3479
3479
3479
3480
3481
3481
3482
3482
3484
3486
3486
3488
3488
3488
3490
3492
3492
3495
3497
3497
3497
3499
3500
3503
3503
3504
3504
3504
3506
3506
3506
3508
3509
3509
3510
3510
3511
3512
3513
3515
3516
3519
3519
3520
3523
3524
3526
3526
3529
3530
3530
3530
3531
3532
3534
3534
3534
3535
3535
3536
3539
3540
3541
3543
3543
3544
3546
3548
3549
3550
3551
3552
3553
3557
3557
3558
3558
3561
3561
3563
3563
3565
3565
3566
3568
3568
3569
3570
3572
3573
3574
3574
3576
3580
3581
3581
3581
3582
3582
3583
3584
3585
3586
3588
3590
3592
3594
3595
3595
3596
3597
3598
3598
3598
3598
3598
3600
3604
3605
3605
3606
3606
3607
3608
3608
3609
3609
3610
3611
3611
3611
3612
3612
3613
3614
3615
3615
3616
3616
3616
3616
3617
3618
3620
3622
3623
3623
3623
3624
3624
3627
3627
3629
3629
3630
3630
3631
3632
3632
3632
3633
3634
3634
3634
3635
3635
3635
3635
3636
3636
3637
3638
3639
3639
3639
3640
3642
3644
3644
3644
3645
3645
3646
3646
3646
3647
3647
3647
3649
3649
3650
3652
3652
3653
3654
3655
3656
3656
3658
3659
3660
3662
3663
3664
3665
3666
3667
3668
3668
3668
3670
3671
3671
3672
3673
3673
3674
3675
3675
3677
3678
3678
3678
3679
3680
3683
3683
3684
3684
3688
3689
3691
3691
3692
3692
3693
3693
3694
3695
3695
3696
3696
3698
3701
3704
3705
3706
3706
3708
3709
3710
3710
3711
3713
3716
3716
3717
3718
3723
3724
3725
3726
3727
3727
3730
3730
3731
3731
3731
3731
3732
3732
3733
3734
3734
3735
3736
3736
3736
3737
3739
3739
3741
3741
3742
3744
3745
3745
3745
3746
3746
3746
3748
3751
3753
3754
3756
3762
3764
3764
3765
3768
3769
3770
3771
3773
3775
3775
3776
3777
3778
3780
3782
3783
3784
3785
3785
3785
3785
3786
3787
3787
3788
3790
3791
3793
3795
3796
3797
3798
3798
3799
3801
3805
3806
3808
3809
3810
3812
3812
3812
3813
3814
3815
3815
3815
3817
3817
3817
3818
3819
3822
3823
3826
3826
3826
3827
3828
3829
3829
3829
3830
3830
3831
3831
3831
3831
3832
3833
3833
3834
3834
3835
3836
3837
3838
3839
3840
3841
3843
3845
3845
3846
3846
3846
3846
3847
3849
3849
3849
3849
3849
3849
3850
3850
3851
3853
3854
3854
3856
3857
3861
3862
3863
3866
3867
3868
3870
3871
3872
3872
3872
3875
3875
3875
3878
3878
3879
3879
3880
3882
3882
3883
3884
3884
3885
3885
3885
3888
3888
3889
3890
3892
3892
3895
3897
3899
3900
3901
3901
3901
3901
3902
3904
3904
3905
3905
3906
3907
3909
3910
3910
3912
3913
3915
3916
3916
3918
3918
3919
3919
3921
3921
3921
3922
3927
3927
3929
3930
3930
3930
3932
3935
3935
3936
3936
3937
3940
3942
3942
3943
3945
3947
3948
3951
3952
3953
3953
3954
3959
3959
3959
3961
3962
3962
3962
3963
3964
3964
3965
3966
3966
3969
3970
3970
3972
3972
3973
3975
3977
3977
3979
3982
3982
3984
3984
3984
3988
3990
3990
3990
3992
3993
3993
3994
3995
3995
3996
3999
4002
4005
4007
4008
4013
4013
4014
4014
4017
4018
4020
4020
4020
4021
4023
4025
4025
4025
4025
4027
4028
4029
4030
4031
4034
4034
4034
4034
4035
4035
4036
4037
4039
4039
4039
4041
4042
4043
4043
4044
4046
4046
4048
4049
4050
4050
4051
4051
4052
4053
4053
4054
4056
4057
4057
4058
4059
4060
4061
4062
4062
4063
4063
4063
4064
4064
4065
4065
4065
4068
4069
4070
4073
4074
4075
4076
4077
4080
4081
4081
4083
4084
4085
4085
4086
4089
4089
4093
4095
4095
4096
4096
4096
4097
4098
4099
4101
4101
4101
4103
4104
4105
4111
4112
4112
4113
4114
4116
4117
4117
4117
4119
4120
4120
4121
4124
4124
4126
4127
4127
4128
4129
4131
4135
4135
4137
4137
4139
4139
4140
4141
4141
4142
4144
4145
4148
4148
4149
4150
4151
4152
4152
4153
4153
4153
4154
4154
4156
4158
4161
4162
4162
4162
4163
4164
4165
4166
4167
4167
4169
4169
4170
4172
4174
4177
4179
4181
4182
4182
4183
4183
4187
4187
4189
4189
4190
4190
4191
4192
4193
4194
4198
4199
4201
4202
4202
4202
4204
4204
4206
4206
4208
4210
4211
4211
4214
4215
4218
4220
4221
4221
4221
4223
4225
4226
4226
4228
4229
4231
4232
4232
4232
4234
4238
4239
4240
4241
4244
4245
4245
4246
4247
4249
4250
4251
4252
4253
4254
4255
4256
4257
4258
4258
4261
4261
4261
4262
4262
4263
4265
4265
4265
4266
4266
4267
4267
4268
4268
4272
4272
4273
4274
4274
4275
4276
4276
4277
4278
4279
4280
4282
4283
4284
4284
4285
4288
4288
4289
4290
4290
4290
4291
4291
4294
4294
4295
4299
4303
4303
4304
4304
4304
4305
4307
4308
4308
4309
4309
4311
4311
4314
4316
4316
4316
4317
4317
4318
4319
4320
4320
4321
4321
4325
4326
4327
4328
4330
4331
4331
4332
4332
4333
4333
4333
4334
4335
4335
4338
4338
4341
4343
4343
4344
4345
4346
4347
4348
4348
4350
4350
4351
4352
4353
4354
4355
4355
4355
4358
4360
4361
4361
4361
4361
4362
4363
4364
4366
4367
4367
4368
4368
4370
4371
4372
4372
4373
4373
4374
4375
4376
4376
4376
4379
4381
4382
4382
4383
4384
4384
4384
4385
4385
4386
4386
4391
4391
4393
4393
4393
4393
4394
4394
4396
4396
4396
4397
4398
4398
4399
4403
4404
4404
4405
4408
4410
4411
4411
4412
4414
4415
4418
4420
4421
4422
4422
4422
4423
4424
4425
4425
4425
4426
4426
4427
4427
4429
4430
4430
4430
4431
4433
4434
4436
4437
4437
4439
4441
4444
4445
4448
4448
4448
4451
4452
4453
4454
4455
4456
4456
4457
4458
4458
4464
4465
4465
4466
4466
4466
4468
4468
4468
4469
4469
4474
4475
4479
4479
4480
4481
4481
4482
4483
4483
4484
4486
4487
4487
4488
4490
4491
4491
4492
4492
4494
4495
4496
4496
4497
4498
4499
4500
4500
4501
4502
4503
4504
4505
4505
4506
4506
4506
4508
4508
4508
4509
4509
4509
4511
4513
4513
4514
4514
4514
4516
4518
4519
4519
4520
4521
4522
4525
4526
4526
4527
4530
4531
4535
4535
4537
4537
4542
4543
4543
4544
4544
4547
4548
4548
4549
4549
4550
4553
4555
4555
4555
4557
4561
4561
4561
4562
4562
4562
4565
4566
4566
4566
4568
4568
4568
4569
4574
4576
4577
4578
4578
4579
4580
4581
4581
4583
4589
4590
4590
4590
4592
4592
4594
4594
4594
4595
4595
4596
4598
4598
4599
4600
4602
4603
4603
4603
4603
4603
4604
4604
4606
4606
4607
4607
4607
4608
4609
4610
4612
4613
4613
4614
4615
4616
4616
4616
4616
4618
4620
4620
4620
4622
4622
4623
4623
4624
4624
4624
4626
4627
4627
4627
4629
4631
4631
4632
4633
4633
4634
4637
4637
4639
4639
4639
4641
4642
4643
4643
4644
4644
4645
4646
4647
4653
4655
4656
4659
4660
4665
4666
4667
4667
4667
4668
4668
4669
4669
4671
4671
4672
4678
4679
4680
4680
4681
4682
4683
4684
4684
4687
4688
4688
4689
4690
4690
4692
4693
4694
4694
4695
4695
4696
4696
4696
4697
4698
4698
4699
4699
4699
4700
4701
4703
4703
4705
4706
4708
4709
4711
4711
4712
4712
4712
4713
4713
4713
4713
4715
4715
4718
4719
4720
4721
4723
4724
4729
4730
4732
4732
4734
4735
4736
4737
4739
4740
4744
4744
4744
4749
4749
4750
4750
4751
4751
4751
4751
4752
4753
4753
4754
4755
4755
4756
4756
4757
4759
4762
4762
4762
4762
4763
4764
4765
4765
4765
4765
4766
4769
4769
4772
4773
4775
4775
4776
4777
4777
4779
4782
4784
4785
4785
4787
4787
4787
4788
4789
4790
4791
4794
4794
4795
4796
4796
4797
4798
4799
4799
4800
4800
4801
4802
4802
4803
4804
4806
4808
4809
4809
4810
4813
4814
4815
4815
4815
4817
4817
4817
4819
4820
4820
4821
4824
4826
4828
4828
4829
4829
4830
4830
4830
4830
4831
4831
4833
4835
4837
4837
4839
4841
4842
4842
4843
4845
4848
4849
4849
4850
4850
4851
4853
4853
4854
4856
4856
4858
4858
4859
4860
4860
4861
4861
4862
4862
4862
4862
4863
4864
4867
4867
4867
4867
4868
4871
4872
4873
4875
4875
4876
4877
4877
4877
4878
4879
4880
4883
4883
4889
4891
4891
4892
4892
4892
4893
4894
4894
4894
4894
4895
4897
4897
4897
4897
4898
4898
4898
4901
4901
4902
4903
4903
4904
4904
4906
4906
4907
4907
4907
4909
4909
4910
4911
4914
4914
4915
4916
4917
4921
4924
4925
4926
4927
4928
4928
4928
4929
4931
4936
4940
4941
4941
4943
4943
4943
4944
4945
4946
4947
4947
4950
4950
4953
4953
4959
4959
4959
4960
4961
4963
4965
4966
4968
4968
4969
4970
4971
4973
4977
4977
4977
4977
4977
4979
4980
4980
4980
4981
4982
4984
4987
4989
4989
4991
4994
4995
4995
4995
4995
4996
4996
4999
5000
5001
5001
5003
5005
5005
5006
5006
5007
5008
5008
5009
5011
5011
5011
5013
5015
5017
5018
5020
5020
5021
5021
5022
5023
5024
5024
5030
5031
5032
5032
5032
5032
5033
5035
5035
5037
5037
5038
5038
5043
5045
5045
5046
5048
5050
5051
5053
5056
5058
5058
5058
5059
5060
5062
5062
5062
5063
5063
5064
5065
5067
5068
5068
5069
5072
5074
5074
5074
5075
5075
5076
5077
5077
5077
5077
5078
5078
5078
5079
5079
5080
5080
5081
5081
5081
5081
5082
5083
5084
5084
5087
5087
5088
5088
5089
5089
5092
5092
5093
5095
5095
5096
5096
5100
5101
5102
5103
5104
5106
5107
5109
5110
5112
5113
5113
5116
5116
5118
5118
5119
5119
5119
5120
5121
5122
5123
5123
5123
5124
5126
5127
5127
5129
5130
5130
5132
5132
5132
5133
5135
5135
5136
5136
5137
5138
5140
5141
5141
5142
5143
5144
5144
5145
5145
5145
5147
5147
5148
5150
5150
5151
5152
5153
5153
5156
5159
5160
5161
5161
5164
5165
5165
5167
5168
5168
5168
5169
5170
5170
5171
5174
5175
5177
5177
5177
5178
5178
5179
5180
5184
5184
5185
5187
5187
5188
5190
5190
5191
5193
5193
5197
5197
5199
5200
5201
5202
5202
5206
5207
5208
5209
5211
5212
5212
5213
5213
5213
5214
5215
5216
5219
5219
5219
5219
5221
5222
5224
5228
5228
5229
5230
5230
5230
5233
5234
5234
5234
5235
5237
5239
5240
5242
5242
5243
5243
5245
5246
5248
5250
5250
5252
5253
5253
5254
5254
5256
5256
5256
5257
5257
5257
5258
5258
5258
5258
5258
5259
5262
5262
5263
5266
5266
5267
5267
5269
5270
5270
5271
5274
5275
5275
5276
5278
5278
5278
5279
5279
5280
5282
5283
5284
5285
5285
5285
5286
5287
5288
5290
5290
5293
5293
5294
5294
5294
5295
5296
5296
5297
5298
5300
5300
5300
5300
5300
5302
5302
5302
5303
5304
5306
5306
5306
5307
5307
5307
5307
5307
5316
5316
5317
5318
5319
5320
5320
5321
5321
5322
5323
5325
5326
5329
5329
5329
5333
5334
5335
5335
5335
5338
5340
5340
5340
5341
5344
5345
5346
5346
5347
5347
5348
5351
5351
5352
5352
5354
5356
5356
5357
5357
5358
5358
5359
5359
5365
5369
5371
5372
5372
5372
5376
5377
5377
5377
5379
5379
5383
5384
5385
5385
5387
5388
5389
5390
5391
5393
5394
5395
5396
5396
5397
5398
5398
5399
5401
5401
5404
5406
5407
5407
5409
5409
5410
5412
5413
5414
5414
5415
5415
5415
5416
5416
5417
5417
5418
5419
5419
5420
5422
5422
5423
5423
5424
5424
5425
5427
5429
5431
5432
5434
5435
5436
5437
5438
5439
5441
5442
5442
5444
5445
5445
5445
5446
5447
5447
5450
5450
5450
5451
5451
5452
5454
5454
5454
5454
5455
5457
5457
5457
5460
5461
5462
5462
5462
5462
5464
5464
5466
5467
5468
5468
5469
5470
5472
5472
5473
5475
5476
5479
5480
5480
5483
5483
5484
5486
5487
5488
5489
5491
5491
5492
5495
5495
5497
5497
5498
5498
5498
5499
5501
5502
5504
5504
5505
5505
5506
5506
5506
5507
5507
5508
5509
5510
5511
5511
5513
5514
5515
5519
5519
5520
5520
5520
5521
5525
5525
5527
5527
5527
5529
5530
5530
5530
5534
5534
5535
5536
5536
5537
5537
5537
5538
5540
5541
5541
5541
5541
5544
5544
5545
5550
5552
5553
5553
5554
5554
5555
5555
5555
5556
5556
5557
5557
5558
5558
5559
5559
5561
5562
5566
5567
5568
5571
5572
5572
5573
5573
5573
5573
5574
5575
5575
5577
5578
5580
5582
5582
5584
5585
5587
5587
5588
5590
5590
5593
5595
5595
5595
5595
5595
5596
5598
5600
5603
5603
5603
5604
5604
5604
5605
5606
5607
5607
5610
5610
5612
5613
5616
5616
5616
5616
5617
5617
5619
5620
5620
5620
5621
5621
5622
5624
5625
5626
5627
5627
5629
5630
5630
5632
5635
5636
5638
5638
5639
5639
5640
5641
5641
5643
5645
5647
5648
5648
5649
5649
5650
5651
5651
5652
5655
5655
5655
5657
5657
5658
5658
5658
5660
5660
5660
5660
5661
5663
5663
5663
5664
5665
5665
5665
5667
5669
5670
5671
5672
5673
5674
5676
5676
5677
5679
5679
5680
5680
5681
5682
5683
5683
5683
5683
5683
5685
5685
5686
5686
5686
5686
5686
5688
5688
5688
5689
5690
5691
5692
5692
5692
5692
5694
5695
5695
5698
5700
5701
5701
5701
5701
5701
5702
5703
5703
5703
5704
5704
5704
5705
5705
5707
5707
5708
5708
5709
5709
5709
5710
5712
5715
5715
5717
5718
5719
5719
5721
5723
5723
5725
5728
5729
5731
5731
5731
5732
5740
5740
5741
5746
5749
5752
5752
5754
5754
5756
5756
5756
5757
5758
5759
5759
5760
5762
5764
5765
5767
5768
5769
5769
5770
5770
5773
5777
5778
5779
5779
5781
5788
5788
5788
5790
5790
5791
5792
5794
5795
5796
5796
5797
5797
5797
5800
5802
5803
5803
5803
5803
5804
5804
5804
5807
5808
5812
5812
5813
5813
5815
5816
5816
5817
5818
5819
5819
5819
5819
5820
5820
5821
5824
5827
5831
5831
5834
5835
5835
5837
5837
5844
5844
5844
5846
5849
5850
5852
5852
5853
5854
5854
5854
5855
5856
5856
5858
5860
5861
5862
5863
5863
5863
5864
5864
5866
5866
5866
5866
5866
5867
5868
5868
5869
5870
5870
5872
5872
5872
5874
5876
5877
5877
5878
5878
5879
5879
5879
5884
5885
5886
5887
5887
5888
5890
5890
5890
5890
5892
5894
5896
5896
5897
5898
5902
5902
5903
5903
5903
5904
5905
5905
5906
5908
5908
5908
5909
5910
5910
5911
5911
5913
5914
5914
5914
5916
5916
5917
5918
5919
5921
5925
5925
5926
5926
5927
5929
5929
5930
5930
5931
5932
5932
5933
5933
5934
5934
5935
5935
5936
5937
5937
5938
5938
5941
5943
5944
5946
5946
5948
5948
5949
5951
5953
5953
5953
5955
5956
5957
5958
5958
5963
5964
5965
5965
5965
5967
5968
5968
5970
5971
5971
5971
5973
5974
5977
5980
5981
5983
5985
5985
5986
5986
5988
5988
5990
5992
5993
5993
5994
5995
5995
5996
5996
5997
5997
5999
5999
6004
6005
6005
6008
6008
6009
6010
6013
6015
6016
6016
6016
6018
6019
6020
6020
6023
6024
6027
6028
6028
6029
6029
6029
6030
6030
6032
6034
6038
6039
6041
6041
6042
6042
6042
6042
6042
6044
6046
6046
6046
6047
6048
6048
6050
6050
6051
6052
6053
6056
6056
6057
6057
6058
6059
6059
6059
6059
6060
6060
6061
6064
6064
6064
6065
6067
6069
6069
6072
6072
6072
6073
6074
6076
6077
6077
6077
6077
6081
6081
6082
6083
6083
6083
6083
6084
6086
6087
6087
6089
6090
6092
6092
6094
6094
6094
6095
6095
6097
6097
6097
6099
6099
6103
6103
6104
6106
6107
6110
6111
6112
6112
6112
6114
6114
6116
6117
6117
6119
6121
6122
6123
6123
6124
6124
6126
6127
6127
6128
6130
6133
6133
6134
6136
6138
6138
6139
6139
6142
6143
6145
6147
6147
6148
6148
6149
6149
6150
6151
6153
6153
6153
6155
6156
6157
6157
6158
6158
6159
6160
6161
6162
6163
6163
6163
6165
6169
6169
6171
6172
6173
6174
6175
6176
6176
6179
6180
6181
6182
6183
6184
6184
6185
6185
6186
6187
6187
6188
6189
6189
6190
6191
6191
6192
6192
6192
6192
6192
6193
6194
6194
6195
6195
6197
6198
6199
6199
6199
6199
6201
6202
6203
6203
6205
6205
6206
6208
6209
6209
6211
6211
6211
6213
6214
6215
6216
6216
6219
6220
6221
6222
6223
6224
6226
6228
6228
6229
6231
6232
6232
6233
6233
6234
6234
6234
6234
6235
6236
6236
6236
6237
6239
6241
6241
6242
6243
6244
6244
6245
6245
6245
6247
6248
6250
6250
6251
6255
6255
6257
6258
6258
6259
6259
6261
6264
6265
6266
6266
6267
6268
6270
6271
6272
6273
6275
6276
6276
6276
6277
6278
6279
6280
6281
6281
6282
6282
6283
6286
6287
6288
6288
6288
6289
6290
6292
6292
6292
6293
6294
6296
6297
6298
6300
6303
6303
6303
6306
6307
6309
6309
6309
6309
6310
6310
6311
6312
6313
6314
6314
6314
6315
6316
6316
6317
6318
6318
6318
6319
6320
6322
6322
6322
6323
6324
6324
6327
6328
6328
6329
6331
6331
6331
6331
6333
6335
6335
6338
6339
6340
6340
6340
6340
6341
6342
6343
6343
6348
6348
6350
6351
6351
6353
6354
6355
6356
6357
6358
6359
6359
6360
6361
6361
6361
6362
6363
6364
6364
6364
6367
6369
6369
6370
6370
6371
6377
6379
6379
6381
6381
6383
6383
6383
6387
6391
6392
6392
6392
6394
6396
6396
6396
6397
6398
6398
6398
6401
6404
6405
6405
6406
6406
6408
6408
6408
6409
6411
6412
6413
6414
6415
6416
6417
6417
6418
6418
6419
6419
6420
6420
6422
6422
6423
6423
6425
6425
6426
6426
6426
6427
6428
6430
6430
6430
6430
6432
6433
6435
6435
6435
6436
6437
6438
6438
6439
6442
6444
6445
6445
6445
6446
6446
6449
6452
6452
6452
6453
6453
6454
6455
6455
6456
6457
6457
6457
6458
6459
6460
6463
6464
6464
6464
6466
6468
6471
6473
6473
6475
6475
6476
6476
6477
6478
6478
6479
6482
6482
6484
6484
6487
6487
6489
6489
6489
6489
6490
6490
6491
6491
6491
6491
6493
6494
6494
6495
6495
6497
6498
6499
6500
6500
6502
6502
6503
6503
6507
6507
6507
6508
6508
6509
6510
6510
6510
6511
6511
6512
6512
6513
6513
6514
6515
6516
6516
6516
6518
6518
6519
6519
6519
6519
6519
6520
6520
6521
6521
6521
6523
6523
6526
6527
6528
6529
6531
6531
6531
6535
6538
6538
6539
6539
6540
6541
6541
6542
6542
6543
6544
6544
6545
6546
6546
6548
6550
6551
6552
6553
6554
6555
6558
6560
6562
6563
6564
6564
6565
6566
6567
6567
6568
6568
6570
6571
6574
6574
6575
6581
6582
6583
6584
6584
6585
6588
6588
6588
6588
6589
6590
6591
6592
6592
6593
6594
6595
6595
6596
6596
6597
6597
6602
6602
6603
6603
6604
6606
6608
6608
6609
6610
6611
6611
6611
6613
6616
6619
6619
6621
6624
6625
6626
6627
6628
6628
6630
6630
6634
6634
6635
6637
6639
6640
6640
6641
6642
6643
6643
6644
6646
6646
6647
6648
6649
6651
6652
6654
6656
6656
6658
6658
6660
6661
6662
6663
6663
6666
6670
6670
6673
6674
6675
6675
6676
6676
6680
6682
6682
6683
6684
6689
6689
6691
6694
6694
6694
6694
6694
6696
6697
6699
6700
6700
6700
6703
6705
6706
6707
6708
6709
6711
6712
6712
6713
6714
6714
6716
6717
6718
6718
6719
6719
6721
6721
6721
6723
6724
6725
6726
6727
6728
6728
6729
6731
6732
6732
6732
6733
6737
6737
6738
6738
6739
6740
6740
6741
6742
6742
6745
6745
6745
6745
6746
6747
6748
6748
6750
6750
6751
6751
6752
6752
6753
6753
6755
6756
6756
6758
6759
6760
6760
6760
6760
6762
6762
6763
6764
6764
6765
6765
6766
6766
6769
6771
6772
6772
6773
6774
6774
6775
6776
6777
6778
6779
6786
6789
6790
6790
6792
6792
6792
6794
6795
6797
6799
6799
6800
6800
6802
6804
6805
6805
6805
6807
6808
6808
6810
6811
6811
6813
6813
6814
6815
6817
6818
6818
6818
6819
6820
6820
6822
6822
6823
6823
6823
6825
6825
6828
6830
6831
6831
6831
6831
6832
6839
6839
6840
6840
6841
6842
6842
6842
6844
6844
6848
6849
6850
6851
6852
6852
6852
6853
6854
6856
6856
6857
6861
6864
6865
6866
6867
6868
6869
6871
6872
6874
6874
6875
6876
6877
6879
6880
6882
6882
6884
6884
6885
6886
6886
6886
6888
6888
6890
6890
6892
6893
6893
6893
6893
6894
6894
6895
6895
6896
6896
6897
6897
6900
6901
6901
6901
6902
6902
6902
6903
6903
6904
6905
6907
6908
6908
6908
6910
6911
6911
6913
6913
6916
6917
6919
6919
6919
6919
6919
6919
6921
6922
6922
6923
6925
6926
6927
6927
6928
6930
6932
6932
6933
6933
6934
6935
6936
6936
6936
6936
6937
6943
6943
6944
6945
6945
6946
6947
6949
6950
6952
6952
6952
6952
6954
6958
6959
6959
6959
6965
6966
6966
6967
6969
6971
6972
6974
6976
6976
6977
6978
6979
6981
6983
6984
6985
6986
6986
6987
6988
6990
6992
6992
6992
6994
6995
6995
6996
6997
6997
6998
6998
6999
7001
7002
7002
7005
7005
7005
7006
7006
7007
7008
7011
7012
7014
7014
7014
7016
7016
7016
7018
7023
7024
7025
7025
7027
7029
7029
7031
7032
7034
7035
7037
7038
7039
7040
7041
7041
7043
7043
7043
7044
7046
7046
7047
7047
7049
7051
7053
7053
7053
7055
7055
7058
7058
7060
7061
7061
7062
7063
7066
7066
7067
7067
7068
7068
7068
7069
7071
7073
7076
7077
7079
7080
7082
7082
7083
7084
7084
7084
7084
7085
7088
7088
7088
7093
7095
7095
7098
7099
7099
7099
7099
7099
7099
7101
7102
7107
7107
7108
7108
7111
7112
7113
7113
7114
7115
7117
7118
7121
7121
7121
7121
7121
7123
7124
7124
7125
7126
7127
7127
7128
7129
7130
7134
7134
7134
7135
7137
7138
7138
7139
7139
7140
7140
7141
7142
7143
7143
7143
7143
7144
7146
7148
7148
7148
7149
7150
7154
7154
7155
7155
7156
7158
7158
7160
7160
7160
7160
7161
7165
7165
7166
7167
7168
7168
7169
7169
7169
7171
7173
7173
7174
7174
7175
7176
7176
7178
7179
7180
7180
7182
7182
7183
7185
7189
7189
7190
7191
7192
7195
7196
7196
7197
7197
7197
7198
7199
7199
7200
7201
7201
7202
7203
7203
7203
7206
7208
7209
7211
7212
7213
7214
7217
7217
7220
7221
7222
7223
7224
7225
7226
7227
7227
7227
7227
7227
7228
7230
7230
7234
7234
7235
7235
7235
7235
7236
7239
7239
7239
7241
7241
7241
7243
7244
7245
7246
7248
7249
7249
7259
7259
7260
7260
7260
7261
7262
7263
7264
7264
7264
7266
7275
7276
7277
7277
7278
7278
7279
7279
7285
7285
7286
7286
7286
7286
7287
7288
7289
7289
7290
7290
7293
7293
7293
7296
7297
7298
7298
7300
7300
7300
7300
7301
7304
7305
7305
7305
7308
7309
7309
7310
7311
7311
7312
7312
7312
7313
7313
7315
7315
7315
7317
7318
7318
7319
7320
7321
7322
7323
7324
7324
7324
7324
7325
7327
7327
7327
7327
7327
7328
7329
7330
7330
7332
7333
7333
7334
7334
7336
7336
7336
7336
7338
7339
7339
7339
7340
7340
7342
7343
7344
7346
7347
7348
7349
7352
7354
7355
7355
7356
7356
7358
7358
7360
7361
7361
7361
7362
7362
7364
7366
7367
7370
7370
7371
7371
7372
7373
7373
7373
7373
7374
7376
7378
7379
7381
7381
7383
7384
7384
7384
7385
7386
7387
7388
7388
7389
7389
7394
7395
7397
7397
7398
7398
7398
7399
7401
7401
7402
7403
7403
7404
7404
7404
7406
7407
7407
7407
7409
7411
7411
7411
7411
7413
7414
7414
7417
7417
7419
7420
7421
7422
7423
7425
7425
7427
7429
7433
7434
7435
7436
7437
7437
7439
7440
7443
7444
7446
7446
7447
7448
7449
7450
7452
7454
7455
7455
7455
7459
7460
7462
7462
7462
7463
7467
7468
7469
7469
7470
7471
7472
7472
7474
7475
7476
7477
7477
7479
7480
7481
7484
7485
7485
7486
7486
7486
7487
7490
7490
7491
7492
7492
7493
7493
7494
7497
7498
7500
7501
7501
7502
7502
7502
7504
7508
7508
7510
7510
7511
7511
7511
7512
7514
7518
7519
7520
7522
7522
7522
7524
7526
7528
7529
7530
7530
7531
7532
7532
7532
7533
7534
7534
7537
7537
7538
7538
7541
7541
7542
7542
7545
7545
7545
7546
7546
7547
7549
7549
7549
7550
7551
7551
7551
7551
7551
7552
7552
7553
7553
7554
7555
7559
7559
7562
7562
7565
7565
7566
7567
7568
7568
7568
7570
7571
7572
7572
7573
7574
7575
7575
7576
7576
7576
7577
7578
7578
7578
7580
7581
7582
7583
7584
7584
7585
7585
7587
7587
7587
7588
7588
7589
7590
7590
7593
7593
7594
7594
7595
7595
7597
7599
7599
7600
7602
7603
7605
7605
7605
7607
7608
7608
7610
7611
7612
7612
7612
7613
7613
7615
7617
7617
7622
7622
7623
7625
7626
7627
7627
7628
7629
7631
7632
7633
7633
7633
7634
7635
7636
7636
7637
7637
7637
7638
7639
7639
7640
7640
7640
7643
7644
7645
7646
7647
7647
7647
7648
7649
7649
7655
7656
7656
7659
7660
7662
7664
7668
7668
7668
7669
7670
7671
7671
7672
7673
7674
7675
7675
7675
7676
7677
7677
7678
7678
7678
7679
7679
7679
7680
7683
7684
7685
7686
7688
7692
7693
7695
7695
7697
7698
7699
7699
7702
7702
7703
7705
7706
7706
7707
7708
7709
7710
7711
7712
7712
7715
7717
7717
7718
7718
7719
7720
7722
7722
7724
7725
7726
7726
7728
7729
7730
7730
7732
7735
7740
7740
7740
7740
7743
7743
7745
7745
7747
7749
7750
7750
7750
7750
7750
7752
7752
7752
7753
7754
7755
7758
7758
7760
7761
7763
7763
7763
7765
7766
7767
7770
7771
7771
7772
7772
7772
7773
7774
7776
7776
7776
7777
7778
7779
7779
7779
7780
7780
7783
7783
7784
7785
7787
7787
7788
7788
7791
7794
7796
7797
7797
7797
7797
7799
7799
7800
7802
7804
7804
7806
7807
7807
7808
7809
7809
7811
7813
7822
7822
7823
7825
7827
7827
7827
7829
7829
7830
7830
7830
7831
7831
7832
7832
7833
7834
7834
7835
7835
7836
7836
7836
7837
7837
7838
7838
7838
7846
7847
7848
7849
7851
7851
7852
7853
7853
7854
7854
7855
7856
7856
7859
7861
7861
7862
7863
7864
7866
7867
7870
7871
7871
7872
7873
7873
7874
7874
7875
7876
7877
7879
7879
7880
7881
7882
7882
7882
7883
7886
7886
7888
7889
7890
7890
7891
7892
7892
7893
7894
7894
7895
7895
7897
7897
7898
7898
7899
7900
7901
7902
7903
7903
7904
7904
7905
7906
7906
7907
7907
7914
7915
7916
7917
7918
7918
7920
7921
7923
7923
7923
7925
7926
7926
7927
7927
7928
7928
7932
7932
7932
7933
7934
7937
7938
7938
7941
7942
7943
7943
7944
7947
7947
7948
7949
7950
7951
7953
7955
7955
7955
7955
7955
7958
7959
7960
7961
7961
7961
7964
7965
7967
7967
7972
7972
7975
7976
7977
7980
7980
7981
7981
7982
7984
7985
7985
7985
7986
7988
7989
7989
7990
7991
7991
7992
7993
7998
7999
8000
8003
8003
8004
8006
8007
8009
8010
8010
8012
8012
8012
8015
8016
8017
8018
8020
8022
8022
8023
8027
8027
8027
8029
8030
8031
8033
8034
8034
8034
8034
8034
8035
8036
8039
8046
8046
8049
8050
8051
8051
8051
8052
8052
8054
8054
8055
8056
8056
8057
8058
8058
8059
8061
8061
8062
8064
8064
8065
8065
8065
8066
8066
8067
8069
8069
8070
8071
8073
8076
8080
8080
8081
8082
8084
8084
8085
8085
8086
8086
8088
8090
8090
8090
8090
8091
8093
8093
8094
8095
8097
8097
8097
8099
8106
8108
8110
8111
8111
8113
8114
8115
8117
8117
8119
8120
8120
8121
8121
8129
8129
8129
8131
8131
8133
8134
8134
8134
8137
8137
8137
8138
8138
8140
8142
8143
8145
8145
8147
8148
8149
8149
8153
8153
8154
8156
8158
8158
8159
8160
8161
8162
8163
8163
8164
8164
8165
8165
8166
8166
8166
8167
8168
8168
8168
8171
8171
8174
8174
8174
8175
8175
8177
8179
8181
8183
8184
8184
8186
8187
8188
8189
8189
8189
8191
8191
8192
8193
8193
8195
8197
8199
8200
8200
8201
8201
8201
8201
8203
8204
8204
8206
8207
8209
8210
8210
8213
8213
8214
8217
8218
8220
8221
8222
8224
8224
8225
8225
8225
8226
8226
8226
8226
8227
8228
8229
8231
8232
8232
8232
8233
8236
8236
8237
8237
8237
8238
8239
8240
8240
8242
8244
8244
8246
8246
8247
8248
8248
8249
8250
8251
8252
8256
8259
8261
8261
8263
8263
8263
8263
8263
8264
8265
8266
8266
8266
8268
8271
8271
8271
8273
8275
8276
8276
8278
8279
8279
8281
8283
8283
8284
8286
8288
8288
8290
8293
8293
8295
8295
8297
8298
8298
8299
8299
8300
8300
8301
8303
8304
8306
8306
8307
8308
8309
8309
8310
8312
8313
8314
8315
8315
8316
8317
8318
8318
8319
8321
8327
8327
8327
8328
8330
8331
8331
8332
8332
8333
8333
8334
8334
8335
8336
8342
8342
8342
8343
8345
8345
8346
8348
8348
8349
8349
8349
8350
8351
8354
8354
8354
8357
8357
8358
8360
8361
8363
8363
8363
8363
8364
8364
8366
8368
8369
8370
8370
8370
8370
8373
8374
8376
8376
8378
8380
8380
8380
8380
8382
8387
8388
8389
8390
8391
8392
8392
8393
8393
8394
8395
8395
8396
8397
8398
8398
8398
8399
8400
8401
8402
8402
8403
8406
8406
8406
8407
8407
8409
8410
8410
8412
8415
8415
8415
8418
8422
8424
8425
8427
8427
8429
8429
8430
8430
8431
8431
8433
8433
8437
8437
8437
8438
8438
8444
8445
8446
8446
8450
8450
8451
8453
8453
8455
8456
8456
8459
8460
8461
8461
8462
8463
8463
8464
8464
8465
8465
8468
8468
8470
8472
8472
8475
8478
8478
8478
8480
8481
8482
8482
8484
8484
8484
8485
8486
8486
8486
8486
8486
8486
8486
8487
8487
8487
8488
8489
8489
8491
8493
8493
8494
8496
8496
8497
8501
8504
8505
8505
8505
8506
8506
8506
8507
8508
8508
8508
8509
8510
8511
8512
8512
8512
8513
8513
8514
8514
8516
8517
8519
8520
8520
8521
8522
8522
8522
8523
8524
8528
8530
8531
8532
8534
8534
8536
8536
8536
8538
8540
8540
8541
8542
8542
8544
8545
8545
8546
8546
8546
8548
8549
8549
8550
8553
8554
8555
8556
8556
8557
8559
8560
8561
8561
8562
8563
8565
8565
8570
8573
8575
8575
8576
8577
8579
8580
8581
8582
8582
8583
8588
8589
8591
8591
8593
8593
8594
8595
8596
8598
8599
8599
8600
8600
8601
8602
8602
8602
8602
8603
8603
8603
8603
8606
8607
8609
8611
8612
8613
8614
8615
8615
8616
8619
8619
8621
8621
8621
8624
8624
8625
8626
8628
8628
8629
8631
8632
8633
8634
8634
8634
8635
8639
8640
8642
8643
8647
8649
8649
8650
8651
8652
8654
8655
8657
8657
8660
8662
8663
8663
8664
8667
8667
8667
8668
8668
8669
8670
8671
8672
8673
8675
8675
8679
8682
8683
8684
8684
8684
8686
8686
8687
8688
8690
8691
8694
8695
8696
8696
8696
8698
8699
8700
8700
8702
8705
8706
8707
8707
8708
8710
8711
8711
8712
8716
8718
8719
8722
8722
8722
8723
8723
8724
8725
8725
8725
8726
8726
8729
8732
8732
8734
8735
8735
8735
8736
8737
8738
8738
8740
8740
8742
8743
8747
8748
8749
8749
8750
8751
8753
8753
8756
8757
8760
8760
8761
8761
8762
8764
8764
8765
8766
8766
8767
8768
8769
8769
8770
8771
8773
8774
8776
8776
8778
8778
8779
8779
8779
8781
8781
8782
8782
8783
8785
8786
8788
8788
8792
8794
8794
8794
8795
8797
8798
8798
8799
8801
8801
8802
8802
8803
8804
8805
8806
8806
8807
8807
8807
8808
8808
8808
8809
8809
8811
8811
8815
8816
8818
8820
8821
8821
8823
8823
8824
8824
8828
8829
8830
8832
8832
8834
8835
8835
8837
8838
8839
8840
8841
8843
8845
8846
8846
8849
8851
8852
8852
8853
8854
8854
8855
8858
8864
8866
8868
8869
8870
8871
8873
8873
8875
8875
8876
8876
8877
8878
8880
8885
8885
8886
8887
8887
8889
8889
8891
8893
8893
8896
8896
8897
8900
8900
8902
8903
8905
8905
8906
8908
8909
8910
8910
8910
8911
8913
8913
8913
8914
8915
8915
8915
8916
8916
8918
8919
8919
8919
8921
8921
8925
8925
8927
8927
8928
8931
8933
8933
8934
8934
8936
8936
8937
8938
8938
8940
8941
8943
8943
8943
8944
8944
8946
8948
8949
8949
8953
8954
8956
8957
8957
8958
8959
8959
8961
8962
8963
8963
8964
8970
8971
8972
8973
8973
8975
8977
8977
8978
8978
8979
8979
8979
8980
8980
8981
8983
8983
8983
8984
8985
8985
8985
8986
8986
8987
8988
8989
8989
8992
8992
8993
8994
8994
8994
8994
8995
8995
8997
8997
8998
8999
9000
9003
9003
9003
9005
9005
9005
9006
9009
9010
9013
9013
9014
9014
9014
9015
9016
9017
9018
9018
9019
9019
9022
9023
9024
9025
9025
9027
9027
9028
9028
9031
9031
9031
9032
9033
9033
9034
9034
9038
9039
9040
9041
9042
9043
9045
9046
9046
9050
9051
9052
9052
9052
9053
9054
9055
9055
9057
9058
9059
9060
9061
9062
9063
9064
9064
9065
9066
9066
9068
9071
9072
9074
9076
9077
9077
9079
9081
9081
9082
9084
9084
9085
9086
9087
9087
9090
9090
9091
9091
9093
9094
9096
9096
9096
9097
9097
9098
9098
9099
9101
9103
9103
9104
9105
9106
9106
9107
9108
9108
9110
9111
9112
9112
9113
9114
9114
9115
9115
9115
9118
9118
9118
9118
9118
9120
9120
9121
9122
9122
9123
9123
9123
9124
9125
9126
9126
9129
9132
9134
9134
9135
9135
9138
9142
9142
9142
9143
9143
9143
9144
9145
9148
9148
9150
9151
9152
9153
9155
9156
9156
9156
9157
9157
9159
9160
9160
9161
9161
9162
9164
9166
9166
9166
9169
9170
9171
9172
9172
9173
9175
9176
9176
9177
9178
9181
9184
9185
9185
9186
9189
9189
9190
9191
9191
9191
9193
9193
9195
9198
9199
9200
9200
9200
9201
9203
9204
9204
9206
9206
9208
9209
9210
9215
9215
9215
9216
9216
9216
9217
9217
9217
9218
9218
9219
9219
9221
9221
9222
9224
9224
9226
9228
9228
9229
9230
9232
9232
9233
9233
9233
9233
9234
9235
9235
9237
9237
9238
9239
9240
9240
9243
9246
9247
9248
9249
9249
9251
9251
9252
9253
9253
9253
9253
9254
9255
9257
9258
9261
9261
9262
9263
9264
9265
9265
9266
9267
9268
9269
9269
9270
9270
9271
9271
9272
9275
9275
9276
9276
9279
9283
9287
9287
9288
9289
9291
9292
9295
9296
9298
9298
9298
9299
9299
9301
9302
9302
9302
9305
9306
9307
9307
9308
9308
9308
9308
9311
9312
9312
9312
9314
9314
9315
9316
9317
9317
9318
9320
9320
9322
9322
9322
9322
9324
9324
9324
9325
9326
9327
9328
9330
9332
9334
9334
9337
9338
9338
9340
9340
9342
9342
9342
9343
9343
9344
9345
9345
9346
9347
9347
9350
9351
9352
9353
9354
9355
9356
9358
9358
9359
9359
9360
9361
9362
9365
9367
9368
9371
9372
9375
9377
9377
9377
9377
9379
9379
9379
9380
9383
9385
9386
9388
9391
9392
9392
9393
9393
9394
9394
9394
9395
9395
9395
9398
9398
9402
9402
9403
9404
9405
9406
9407
9408
9408
9410
9410
9411
9411
9411
9412
9413
9416
9416
9416
9416
9417
9418
9420
9420
9420
9421
9422
9425
9425
9425
9427
9429
9429
9429
9430
9433
9434
9437
9438
9438
9438
9439
9440
9440
9442
9443
9444
9445
9445
9446
9447
9448
9448
9451
9453
9456
9456
9456
9457
9458
9461
9461
9462
9463
9463
9464
9464
9464
9466
9468
9468
9468
9469
9470
9471
9471
9471
9472
9472
9473
9475
9475
9475
9478
9479
9479
9481
9481
9482
9483
9483
9484
9484
9485
9485
9485
9486
9487
9487
9489
9490
9490
9490
9490
9491
9492
9492
9495
9498
9500
9500
9501
9502
9502
9503
9503
9504
9505
9505
9507
9507
9508
9510
9511
9511
9511
9513
9513
9513
9514
9515
9516
9516
9518
9519
9519
9522
9522
9526
9527
9528
9528
9531
9531
9532
9533
9533
9534
9534
9535
9537
9538
9538
9538
9539
9539
9541
9542
9543
9544
9545
9546
9546
9546
9546
9547
9547
9550
9551
9552
9552
9553
9553
9555
9556
9558
9559
9559
9559
9559
9559
9560
9561
9561
9562
9562
9562
9562
9563
9564
9565
9565
9565
9566
9566
9567
9568
9569
9570
9571
9571
9572
9572
9573
9575
9575
9575
9576
9577
9579
9580
9580
9581
9582
9585
9586
9587
9588
9591
9591
9592
9594
9595
9597
9598
9600
9601
9602
9602
9605
9605
9606
9607
9607
9608
9608
9610
9611
9611
9611
9612
9612
9613
9614
9615
9615
9618
9619
9619
9620
9620
9621
9622
9622
9623
9623
9624
9625
9625
9625
9626
9627
9628
9628
9629
9629
9630
9631
9631
9632
9632
9634
9637
9638
9639
9639
9641
9642
9642
9644
9645
9647
9651
9654
9655
9655
9655
9658
9658
9661
9662
9663
9663
9663
9663
9664
9664
9664
9666
9666
9667
9668
9669
9672
9672
9674
9675
9675
9676
9676
9678
9678
9681
9682
9682
9684
9685
9686
9687
9687
9692
9693
9694
9696
9700
9702
9703
9705
9706
9706
9707
9707
9708
9709
9711
9713
9714
9714
9714
9716
9717
9718
9720
9720
9721
9722
9722
9722
9723
9724
9726
9727
9728
9728
9729
9729
9729
9730
9734
9734
9734
9735
9735
9735
9737
9737
9738
9738
9739
9740
9741
9743
9745
9749
9750
9750
9750
9751
9751
9752
9752
9753
9754
9755
9756
9756
9757
9757
9757
9757
9758
9758
9760
9760
9762
9762
9764
9767
9767
9767
9768
9772
9772
9773
9774
9775
9776
9779
9783
9783
9785
9785
9787
9787
9789
9789
9790
9790
9791
9791
9791
9792
9793
9794
9796
9796
9796
9799
9800
9805
9805
9805
9806
9807
9809
9810
9810
9813
9814
9816
9822
9822
9823
9824
9825
9826
9828
9828
9828
9828
9829
9829
9830
9831
9833
9833
9833
9834
9835
9838
9838
9838
9840
9840
9840
9840
9842
9843
9844
9847
9848
9848
9849
9850
9853
9854
9854
9855
9856
9856
9859
9860
9860
9861
9862
9863
9863
9864
9864
9865
9867
9869
9869
9870
9872
9872
9872
9874
9874
9876
9877
9877
9877
9878
9878
9879
9879
9879
9880
9881
9881
9883
9885
9886
9886
9888
9889
9890
9890
9891
9891
9891
9892
9893
9894
9897
9901
9901
9903
9904
9905
9906
9906
9907
9907
9909
9910
9910
9910
9911
9912
9913
9914
9915
9917
9918
9918
9918
9919
9919
9919
9921
9922
9926
9926
9926
9927
9928
9930
9930
9930
9933
9934
9934
9935
9936
9937
9941
9943
9943
9944
9946
9947
9948
9948
9949
9949
9951
9952
9952
9954
9955
9956
9957
9957
9961
9961
9963
9963
9964
9964
9964
9966
9966
9967
9969
9969
9971
9973
9973
9974
9976
9977
9977
9978
9979
9981
9982
9982
9982
9985
9986
9986
9989
9991
9992
9992
9995
9996
9997
9999
9999
