Runtime: 0 ms
0
0
1
1
2
3
4
5
7
7
9
11
14
15
17
17
18
18
21
27
29
31
31
31
31
32
33
33
33
33
34
36
37
37
37
37
42
42
42
43
45
45
47
47
48
48
48
49
49
50
50
51
51
51
52
52
53
56
56
56
56
56
58
58
59
59
59
60
61
62
62
62
63
64
64
67
69
70
74
75
76
77
77
77
77
78
78
78
79
79
81
81
81
81
82
84
86
86
87
87
90
90
90
91
94
94
96
96
96
97
97
98
99
100
101
101
101
102
102
103
103
103
104
105
107
108
109
109
110
114
114
114
114
115
115
115
117
117
117
119
119
121
122
122
122
122
123
123
123
125
126
126
126
127
127
128
128
128
130
131
132
133
134
135
136
137
138
138
139
140
141
141
141
144
144
145
146
149
155
155
156
156
158
159
159
160
163
164
165
165
166
167
168
170
171
171
171
171
172
173
174
175
175
176
176
176
177
179
181
181
181
185
185
189
189
190
191
191
191
192
195
196
196
196
201
201
201
202
203
203
205
207
210
210
211
213
215
218
218
224
224
225
225
225
228
230
231
232
233
235
235
235
236
237
237
238
239
241
242
243
248
248
249
249
250
251
253
253
253
256
259
259
261
263
264
265
266
266
267
271
272
273
277
279
280
281
281
282
283
284
285
289
289
290
290
293
295
297
302
303
303
303
304
305
306
306
306
308
309
309
310
312
313
313
314
315
316
316
318
319
320
322
323
325
327
328
328
328
329
329
331
331
333
334
336
337
338
338
339
340
340
341
341
343
347
347
349
351
353
354
359
361
363
363
365
366
366
367
367
368
369
370
372
372
373
373
373
375
375
376
377
379
379
379
379
380
381
381
381
382
382
382
382
382
382
385
387
388
389
393
393
394
394
396
396
398
398
399
399
402
404
405
406
407
407
407
408
408
408
409
409
409
409
409
410
411
413
415
415
417
418
418
419
420
420
421
421
422
422
423
425
428
428
429
430
430
433
435
436
437
438
438
440
440
442
442
442
445
446
447
448
449
450
452
454
454
456
458
460
460
461
461
462
462
463
464
464
465
466
467
468
469
469
471
471
473
474
475
476
476
477
478
478
480
480
480
481
481
482
482
484
488
488
491
493
493
494
496
497
497
497
500
500
500
502
502
502
504
506
508
508
510
511
511
511
513
514
514
516
516
517
517
518
519
519
521
521
523
523
527
528
529
531
532
533
536
537
537
537
537
538
538
540
540
541
541
542
542
545
545
546
547
549
549
549
549
550
551
551
553
553
553
554
554
555
555
556
560
563
563
563
564
564
565
565
566
568
568
569
569
569
570
571
571
573
577
579
581
582
585
585
587
587
588
590
591
592
593
593
594
594
594
594
595
596
596
597
597
597
597
599
599
599
601
602
602
604
606
608
608
611
611
612
613
615
616
616
617
619
619
620
621
623
624
626
626
627
627
627
628
630
630
631
631
633
634
635
636
636
639
639
640
640
642
645
648
648
649
649
649
650
650
651
652
654
657
659
660
662
662
665
666
668
668
670
671
671
671
672
673
673
674
682
682
684
685
686
687
687
688
688
689
690
690
691
693
693
697
699
700
700
700
700
702
702
702
703
703
704
707
707
709
710
711
712
712
713
713
714
717
719
719
720
721
721
724
724
724
726
727
728
728
728
729
729
729
730
730
730
730
731
732
734
734
735
735
735
736
739
739
741
742
742
742
743
744
746
748
748
749
749
751
752
753
754
755
756
757
757
758
759
760
760
762
762
765
766
766
767
767
768
770
770
770
770
774
775
777
778
778
780
785
787
787
788
788
789
790
791
793
793
793
795
796
797
800
800
800
802
802
803
803
804
805
806
807
810
811
811
812
812
813
814
815
816
818
819
819
819
819
820
820
823
823
824
825
827
828
830
831
831
832
833
833
835
835
836
836
836
838
838
838
838
840
847
849
849
850
851
851
851
852
852
853
854
855
856
856
857
858
858
858
859
859
862
863
864
866
866
867
867
867
868
870
872
873
874
874
875
880
881
881
881
882
884
884
884
885
885
886
887
889
889
890
893
894
894
897
900
901
901
902
904
907
908
909
909
910
911
912
913
914
915
916
918
919
920
922
922
923
923
925
925
925
925
926
927
928
930
932
932
933
933
933
933
936
937
940
941
942
942
944
945
946
947
948
948
950
951
951
952
954
954
955
957
957
958
960
963
963
963
963
964
965
966
966
967
970
973
973
974
975
975
975
976
977
977
978
979
980
983
984
985
985
986
987
988
990
995
996
