Runtime: 0 ms
2
3
3
5
6
7
8
9
12
12
13
13
14
14
17
18
19
20
22
23
23
24
24
26
27
28
29
30
33
34
34
36
37
42
43
44
45
46
47
48
49
50
51
52
53
54
56
57
57
58
63
64
65
65
66
66
66
66
66
66
68
69
69
69
70
71
71
73
73
74
74
74
77
79
80
80
81
81
82
82
83
83
83
84
86
86
87
87
87
89
91
91
91
92
96
97
98
98
98
99
99
100
101
101
103
103
104
105
106
107
108
111
111
111
112
113
114
115
116
117
121
124
128
128
128
129
130
131
133
133
135
136
136
137
137
137
137
137
141
141
142
143
143
143
144
147
147
148
150
151
152
155
158
159
161
162
164
166
166
167
167
168
168
169
169
170
170
174
174
175
181
182
184
185
185
186
188
193
193
194
195
197
199
199
199
199
200
202
203
203
203
205
206
206
206
207
207
208
209
209
211
213
213
214
214
216
216
217
220
221
221
221
224
224
225
226
227
228
229
229
231
232
232
234
234
236
238
241
245
246
247
247
248
249
250
253
255
256
258
260
260
260
262
262
263
263
263
264
265
266
267
267
268
268
269
269
269
271
273
276
277
278
278
280
282
283
284
285
286
286
286
287
287
288
288
289
290
290
292
293
295
297
297
297
299
300
300
302
302
302
304
304
305
306
308
311
312
312
314
314
314
314
316
316
317
318
318
319
322
322
323
324
325
326
326
326
330
330
333
334
335
335
335
336
336
338
338
339
342
343
343
343
343
343
343
346
346
347
348
348
349
350
351
351
352
352
352
353
353
353
353
354
358
360
361
362
363
367
367
367
369
370
370
371
372
374
374
375
376
376
376
377
378
378
379
380
381
383
384
385
391
391
392
393
394
395
395
396
396
396
398
400
400
400
400
402
402
402
404
404
404
407
408
408
408
408
408
409
410
414
415
415
416
417
417
418
420
420
420
420
421
422
424
424
424
425
426
426
427
428
431
433
436
437
437
438
438
441
442
446
447
448
449
450
454
455
455
456
457
460
460
460
460
461
461
461
462
463
464
465
466
466
467
468
469
470
471
472
475
476
477
482
484
486
487
488
488
489
490
491
492
493
493
494
494
494
494
496
497
497
499
500
500
501
503
505
506
508
508
509
509
509
510
510
510
511
512
514
515
517
518
520
521
522
522
523
523
524
525
527
528
528
530
530
531
532
532
532
534
535
536
536
537
542
546
547
547
549
549
550
550
552
552
554
556
558
558
561
561
561
563
565
568
569
571
571
572
573
574
574
575
575
577
578
579
580
582
583
584
584
585
585
586
586
586
587
588
588
588
589
591
591
593
593
596
597
597
597
600
602
602
604
605
607
607
607
608
608
611
613
613
613
613
616
617
618
620
620
621
621
621
624
624
624
624
626
627
629
630
632
633
634
634
635
636
638
639
641
641
641
642
643
643
644
645
647
648
649
654
654
655
656
656
657
658
659
659
660
662
662
664
664
664
665
666
666
669
670
671
672
674
675
677
678
679
680
680
681
681
681
683
683
684
685
686
686
687
690
691
692
695
695
696
697
697
697
697
697
697
698
698
698
698
698
700
701
703
704
704
705
706
708
708
708
711
711
712
713
713
716
717
717
718
719
721
721
723
723
723
726
728
728
730
730
731
734
734
734
735
736
738
739
740
740
741
741
742
742
745
746
747
748
748
750
750
751
751
752
753
755
757
757
757
758
758
759
760
761
761
762
762
762
762
762
764
765
766
766
767
769
769
771
772
772
773
773
773
773
773
774
774
774
775
776
776
777
777
779
780
781
781
783
784
785
786
786
787
789
790
790
790
791
792
793
793
794
795
795
796
797
800
802
802
802
803
804
807
810
810
812
814
814
815
815
816
816
816
817
818
819
820
822
823
824
824
825
829
829
830
832
833
836
838
841
841
843
844
846
847
847
847
848
848
849
850
851
854
854
857
858
858
859
861
863
864
864
866
867
869
869
869
871
871
873
873
874
874
876
877
878
878
879
880
880
881
883
883
885
885
886
886
887
887
887
888
888
890
891
891
892
892
895
895
895
898
898
898
899
899
902
903
904
905
906
907
908
912
912
918
919
919
920
921
921
921
921
922
923
923
924
924
925
925
925
925
930
931
932
932
933
934
935
937
940
941
941
942
943
945
948
949
950
951
951
953
953
958
958
959
961
961
962
962
966
966
968
968
969
971
971
971
972
972
976
979
981
981
981
982
982
982
983
985
986
987
987
988
989
989
992
993
994
994
995
996
996
998
998
999
999
