Runtime: 1 ms
0
0
1
3
3
5
6
11
13
13
13
14
15
16
17
19
19
21
22
23
23
27
28
33
34
34
37
37
40
42
43
43
46
46
47
48
48
49
50
50
51
52
54
54
56
57
58
58
60
63
63
64
65
67
67
68
68
68
69
70
72
73
74
75
75
75
77
78
78
79
79
79
79
79
80
80
82
82
85
85
86
87
89
90
92
93
96
97
97
97
98
101
102
103
103
104
106
106
106
108
110
110
111
112
113
113
113
114
115
115
116
117
119
119
119
121
121
122
123
125
128
129
129
131
132
133
133
136
136
136
137
137
138
139
139
141
141
143
145
146
146
146
146
146
148
149
149
150
152
152
153
154
155
158
159
160
161
162
162
164
166
167
168
168
168
169
170
171
172
172
172
173
175
178
179
180
182
182
183
183
184
187
187
187
191
193
193
198
198
199
199
202
205
206
207
208
209
210
210
210
211
211
213
215
216
217
221
222
223
224
224
225
225
228
228
231
231
231
232
233
235
235
236
238
238
239
240
241
242
243
244
245
246
246
247
248
249
249
249
250
250
251
251
251
252
253
253
253
256
257
258
258
262
262
263
267
269
272
274
274
275
276
276
278
279
281
281
283
287
287
287
289
289
289
290
290
293
293
293
294
295
295
295
296
298
299
299
302
302
303
304
306
307
307
307
310
310
311
312
312
312
312
313
315
315
315
318
318
319
319
320
321
322
322
323
324
326
327
328
328
329
330
330
333
334
339
340
341
342
343
344
344
346
346
347
347
348
349
349
351
352
354
354
355
355
355
357
357
360
360
360
361
361
361
362
362
363
363
365
368
369
370
370
372
372
372
373
375
375
377
378
380
382
383
383
383
385
385
386
386
387
388
388
388
388
389
389
389
391
391
392
393
394
395
395
396
400
401
403
403
407
408
408
410
412
412
414
414
415
416
416
417
417
418
418
418
419
420
421
422
423
423
423
424
425
425
428
428
428
429
432
435
437
437
438
439
439
440
440
442
442
443
443
444
444
444
446
446
446
446
451
454
456
456
457
457
458
458
459
460
461
463
463
464
466
467
470
470
470
470
473
475
475
475
476
480
481
481
483
483
483
484
487
487
487
488
489
491
492
494
494
497
498
500
500
502
503
505
506
507
508
509
510
510
510
511
512
512
513
514
514
518
519
520
522
523
525
526
526
526
527
527
527
528
528
529
532
535
536
538
539
540
541
543
544
545
545
546
547
548
549
550
553
554
554
554
556
557
557
562
563
564
564
565
567
568
568
569
570
571
571
572
572
572
572
574
576
577
578
579
579
581
583
584
584
586
587
587
589
590
591
595
595
595
596
597
598
599
601
602
602
605
605
606
607
608
608
609
609
610
610
611
613
618
618
618
618
620
620
620
621
621
621
623
623
624
626
626
630
630
630
630
632
633
633
633
634
634
636
636
639
639
641
642
645
645
648
649
649
650
651
651
652
652
653
654
655
657
659
659
660
660
663
664
667
668
669
670
671
671
672
675
678
678
681
681
681
682
683
684
685
688
688
690
690
691
691
694
694
695
697
697
700
700
701
702
703
704
705
706
707
708
709
710
711
711
713
714
714
716
716
717
720
723
724
724
724
724
726
726
733
733
734
734
735
735
735
736
738
741
741
741
741
742
742
744
747
747
751
755
757
759
760
761
763
765
766
766
768
768
770
770
771
772
774
774
775
779
780
782
783
783
787
788
788
789
790
790
790
791
791
791
792
795
795
795
796
797
798
798
801
801
804
806
806
806
806
807
807
807
811
812
812
814
816
817
817
820
821
822
822
823
823
824
825
825
826
827
829
831
832
833
833
833
834
834
835
836
836
836
837
838
839
840
841
842
843
844
845
847
849
849
851
851
852
852
854
854
854
855
856
857
857
857
857
857
858
859
860
860
861
861
861
862
862
864
868
869
869
870
870
870
871
871
873
873
873
873
874
874
875
876
876
878
879
879
879
879
884
884
885
885
885
886
887
888
888
890
890
893
894
895
896
898
900
901
903
905
907
909
910
910
911
912
914
914
914
914
915
915
915
921
921
921
922
922
922
923
927
927
928
929
930
934
937
937
937
941
941
942
942
945
947
948
949
949
950
953
954
954
955
957
958
958
959
960
961
962
962
962
964
965
968
969
969
970
970
971
972
972
972
973
973
973
974
975
978
978
980
980
980
982
984
985
985
986
986
987
987
987
987
988
989
989
992
992
994
995
996
998
998
998
999
999
1000
1000
1002
1003
1004
1004
1007
1008
1008
1009
1010
1011
1013
1015
1015
1016
1017
1019
1021
1021
1022
1026
1028
1030
1030
1031
1032
1032
1032
1033
1033
1035
1035
1035
1036
1038
1038
1038
1038
1038
1039
1039
1041
1041
1041
1042
1043
1045
1046
1047
1047
1049
1052
1053
1053
1055
1057
1058
1059
1059
1060
1062
1063
1064
1064
1066
1066
1067
1069
1071
1073
1074
1075
1075
1075
1076
1077
1077
1077
1077
1078
1080
1080
1081
1083
1085
1086
1088
1089
1089
1090
1091
1091
1091
1091
1092
1093
1093
1096
1100
1101
1102
1103
1106
1107
1107
1108
1108
1108
1109
1110
1111
1111
1112
1115
1115
1115
1116
1118
1118
1119
1120
1121
1124
1124
1126
1127
1128
1129
1129
1130
1132
1133
1133
1135
1135
1135
1138
1139
1140
1141
1142
1145
1148
1148
1151
1151
1151
1152
1153
1153
1156
1156
1157
1157
1157
1157
1158
1158
1159
1160
1161
1161
1162
1164
1164
1166
1166
1167
1167
1167
1170
1170
1170
1173
1173
1174
1177
1177
1179
1179
1181
1182
1182
1184
1184
1184
1187
1187
1187
1188
1192
1192
1192
1194
1195
1196
1197
1198
1200
1200
1200
1200
1202
1202
1202
1203
1204
1205
1206
1206
1207
1207
1207
1208
1209
1209
1209
1212
1215
1216
1216
1216
1217
1218
1220
1220
1221
1223
1226
1226
1226
1226
1228
1228
1228
1230
1231
1231
1231
1235
1236
1237
1237
1238
1238
1239
1241
1243
1243
1243
1244
1246
1246
1248
1250
1251
1252
1253
1254
1254
1256
1256
1257
1257
1258
1259
1259
1262
1262
1263
1263
1264
1265
1265
1268
1268
1269
1270
1270
1270
1271
1272
1272
1279
1279
1280
1280
1280
1280
1284
1284
1285
1286
1289
1293
1294
1294
1294
1294
1295
1296
1296
1297
1298
1301
1303
1303
1304
1304
1305
1306
1307
1307
1308
1308
1309
1310
1312
1313
1313
1313
1315
1315
1315
1315
1316
1316
1317
1318
1320
1321
1321
1321
1321
1322
1323
1326
1326
1326
1329
1331
1332
1332
1332
1334
1335
1336
1336
1337
1340
1341
1343
1343
1344
1345
1346
1347
1347
1349
1351
1352
1352
1352
1352
1355
1355
1355
1357
1363
1366
1366
1371
1373
1373
1375
1376
1378
1379
1379
1380
1380
1381
1384
1385
1385
1385
1386
1386
1386
1387
1389
1390
1391
1393
1394
1395
1397
1397
1398
1398
1401
1402
1402
1403
1404
1406
1407
1408
1412
1412
1413
1413
1415
1416
1418
1418
1419
1421
1422
1422
1423
1425
1425
1425
1426
1428
1428
1430
1430
1431
1432
1432
1433
1434
1434
1436
1436
1437
1437
1437
1438
1439
1441
1442
1442
1443
1444
1444
1446
1447
1447
1447
1451
1451
1453
1453
1455
1455
1456
1456
1457
1458
1458
1462
1462
1463
1464
1464
1464
1467
1467
1469
1471
1472
1473
1474
1475
1476
1476
1476
1477
1477
1477
1477
1477
1478
1478
1480
1481
1483
1488
1488
1490
1491
1493
1494
1496
1498
1498
1500
1502
1502
1502
1503
1503
1503
1504
1505
1507
1508
1509
1510
1512
1515
1516
1517
1518
1520
1520
1521
1523
1524
1524
1526
1527
1529
1530
1531
1531
1534
1534
1536
1536
1537
1538
1538
1539
1539
1543
1543
1543
1544
1544
1546
1547
1548
1548
1549
1553
1553
1556
1558
1558
1559
1559
1561
1562
1571
1574
1577
1577
1577
1578
1579
1579
1579
1581
1582
1584
1585
1585
1586
1586
1589
1591
1591
1593
1593
1594
1594
1594
1594
1595
1595
1596
1597
1599
1604
1604
1605
1606
1608
1609
1610
1611
1613
1614
1615
1616
1618
1618
1619
1620
1620
1622
1626
1626
1627
1627
1628
1630
1631
1631
1632
1633
1635
1636
1636
1637
1638
1638
1638
1639
1640
1640
1641
1641
1642
1642
1642
1642
1643
1643
1646
1648
1649
1650
1652
1654
1656
1656
1657
1657
1657
1659
1660
1660
1661
1664
1664
1665
1665
1665
1666
1667
1667
1667
1668
1668
1668
1669
1670
1672
1673
1676
1676
1676
1677
1678
1680
1680
1681
1681
1681
1682
1682
1683
1683
1685
1685
1685
1687
1687
1687
1687
1690
1691
1693
1694
1694
1695
1697
1697
1702
1703
1703
1705
1706
1707
1707
1708
1708
1708
1709
1712
1712
1713
1716
1716
1720
1720
1720
1721
1722
1723
1727
1729
1730
1731
1732
1732
1733
1737
1738
1738
1738
1743
1744
1744
1744
1746
1749
1750
1750
1751
1752
1753
1754
1756
1757
1757
1757
1758
1760
1760
1762
1762
1764
1764
1766
1767
1767
1768
1768
1768
1768
1771
1771
1772
1772
1773
1774
1774
1777
1780
1781
1785
1785
1787
1787
1787
1787
1788
1789
1790
1792
1793
1794
1795
1799
1799
1800
1802
1803
1804
1804
1805
1806
1806
1807
1807
1809
1810
1810
1812
1812
1813
1814
1815
1815
1816
1817
1818
1819
1820
1820
1820
1820
1822
1822
1823
1824
1828
1829
1829
1830
1831
1831
1831
1832
1833
1834
1835
1835
1837
1838
1838
1838
1839
1840
1841
1841
1843
1843
1844
1844
1845
1846
1847
1847
1847
1848
1849
1849
1850
1851
1851
1852
1852
1852
1853
1853
1854
1854
1855
1856
1858
1858
1858
1860
1861
1867
1867
1869
1869
1871
1871
1872
1873
1873
1874
1874
1876
1877
1878
1878
1879
1880
1881
1882
1883
1885
1886
1886
1887
1889
1891
1891
1892
1893
1894
1894
1895
1896
1896
1897
1899
1899
1902
1904
1905
1905
1905
1906
1909
1909
1911
1913
1913
1914
1915
1917
1918
1919
1919
1919
1920
1920
1922
1923
1924
1925
1926
1927
1927
1928
1932
1934
1935
1937
1938
1939
1940
1944
1953
1954
1954
1956
1956
1958
1960
1961
1962
1963
1964
1964
1965
1967
1967
1968
1970
1972
1973
1974
1975
1975
1976
1977
1977
1979
1979
1979
1979
1981
1981
1983
1984
1986
1987
1988
1989
1989
1990
1991
1992
1995
1995
1995
1995
1996
1996
1997
1997
2000
2001
2003
2003
2003
2005
2005
2006
2008
2008
2010
2010
2011
2011
2011
2014
2014
2014
2015
2016
2017
2020
2021
2025
2025
2025
2025
2026
2029
2030
2031
2032
2033
2033
2034
2035
2035
2037
2040
2041
2043
2045
2045
2050
2050
2050
2052
2053
2054
2055
2056
2057
2057
2057
2057
2057
2058
2059
2059
2059
2060
2061
2063
2063
2064
2065
2066
2068
2068
2070
2070
2070
2071
2072
2073
2074
2074
2074
2076
2076
2077
2080
2080
2080
2080
2081
2081
2081
2083
2083
2084
2085
2086
2087
2087
2087
2087
2090
2090
2091
2091
2092
2092
2093
2094
2094
2094
2095
2095
2096
2096
2098
2099
2099
2099
2101
2101
2104
2104
2105
2105
2105
2106
2107
2111
2112
2113
2114
2117
2119
2119
2120
2121
2122
2123
2124
2124
2125
2127
2128
2129
2129
2130
2130
2133
2133
2134
2135
2137
2137
2138
2140
2141
2141
2143
2144
2147
2148
2150
2150
2150
2151
2151
2153
2153
2154
2154
2155
2155
2156
2158
2160
2160
2161
2161
2162
2163
2164
2167
2169
2171
2172
2176
2176
2177
2178
2178
2179
2179
2179
2180
2181
2181
2183
2185
2186
2186
2187
2188
2188
2189
2189
2190
2191
2191
2191
2192
2193
2195
2197
2199
2202
2204
2205
2206
2206
2207
2208
2209
2209
2209
2210
2212
2212
2213
2214
2214
2214
2214
2215
2215
2216
2216
2216
2218
2218
2218
2218
2221
2221
2221
2222
2226
2226
2226
2226
2228
2228
2229
2230
2231
2233
2233
2234
2237
2238
2238
2239
2241
2242
2244
2244
2246
2246
2246
2246
2250
2251
2252
2254
2255
2256
2257
2258
2258
2258
2260
2262
2262
2262
2263
2265
2265
2266
2267
2268
2268
2269
2272
2274
2277
2278
2281
2282
2282
2282
2283
2284
2285
2286
2287
2290
2290
2290
2291
2292
2292
2292
2292
2293
2293
2294
2295
2296
2297
2297
2298
2299
2300
2300
2300
2301
2301
2302
2302
2302
2304
2307
2308
2309
2309
2311
2313
2313
2313
2315
2315
2316
2317
2319
2321
2324
2324
2325
2326
2327
2328
2329
2330
2332
2336
2340
2340
2342
2342
2345
2345
2347
2351
2351
2351
2355
2356
2356
2356
2357
2357
2357
2358
2360
2361
2362
2364
2364
2366
2368
2369
2370
2370
2371
2371
2372
2373
2374
2374
2375
2376
2378
2381
2383
2383
2384
2389
2389
2390
2390
2390
2390
2394
2396
2396
2398
2400
2401
2402
2402
2410
2410
2410
2410
2411
2413
2414
2415
2415
2416
2417
2418
2418
2418
2418
2418
2419
2423
2425
2425
2427
2428
2428
2430
2430
2431
2431
2433
2434
2434
2435
2436
2438
2438
2439
2439
2439
2439
2440
2441
2442
2443
2446
2446
2447
2447
2448
2448
2449
2449
2450
2450
2450
2451
2452
2452
2453
2453
2453
2456
2456
2458
2459
2461
2463
2464
2465
2466
2467
2468
2469
2469
2470
2470
2471
2472
2472
2472
2473
2474
2478
2478
2479
2480
2484
2485
2487
2488
2488
2490
2492
2493
2494
2494
2496
2498
2500
2500
2501
2501
2501
2502
2504
2507
2510
2510
2511
2512
2512
2513
2514
2517
2518
2518
2519
2520
2523
2525
2525
2526
2526
2527
2529
2532
2534
2539
2540
2541
2541
2543
2544
2545
2545
2546
2547
2547
2548
2551
2552
2554
2556
2556
2556
2557
2559
2560
2560
2561
2561
2562
2563
2563
2563
2564
2565
2565
2567
2568
2569
2571
2571
2573
2574
2576
2576
2577
2577
2578
2578
2579
2580
2581
2581
2582
2583
2583
2583
2584
2586
2586
2587
2587
2587
2587
2587
2587
2588
2590
2590
2591
2591
2592
2593
2594
2595
2596
2598
2600
2600
2600
2601
2604
2604
2605
2606
2606
2608
2608
2610
2611
2613
2614
2615
2618
2619
2619
2621
2621
2623
2623
2624
2625
2625
2625
2627
2628
2629
2629
2630
2630
2631
2632
2632
2633
2634
2635
2635
2635
2636
2640
2642
2643
2644
2646
2646
2646
2648
2648
2650
2650
2652
2655
2656
2658
2659
2660
2660
2660
2661
2661
2663
2664
2664
2665
2667
2668
2669
2669
2669
2670
2672
2672
2673
2674
2675
2676
2678
2678
2680
2680
2684
2684
2685
2686
2686
2687
2687
2688
2691
2691
2692
2693
2697
2697
2700
2700
2701
2701
2704
2705
2706
2708
2709
2711
2711
2712
2712
2713
2714
2714
2716
2718
2720
2720
2723
2723
2723
2725
2728
2728
2729
2729
2730
2732
2732
2734
2735
2735
2735
2736
2737
2737
2737
2741
2741
2742
2743
2744
2745
2745
2746
2747
2747
2748
2750
2751
2752
2752
2755
2755
2757
2757
2757
2757
2760
2761
2763
2763
2763
2763
2763
2766
2767
2768
2768
2769
2769
2773
2773
2777
2777
2778
2778
2780
2783
2784
2784
2786
2786
2787
2787
2789
2790
2790
2791
2792
2792
2794
2794
2795
2796
2797
2797
2797
2797
2798
2800
2801
2801
2802
2803
2804
2806
2808
2809
2810
2810
2811
2811
2811
2812
2813
2814
2814
2816
2816
2817
2818
2819
2820
2820
2821
2822
2823
2828
2828
2828
2828
2829
2830
2831
2831
2832
2833
2837
2838
2839
2841
2842
2842
2844
2844
2844
2844
2844
2846
2846
2847
2847
2847
2848
2849
2851
2851
2851
2851
2853
2854
2855
2856
2857
2858
2858
2859
2860
2861
2862
2864
2865
2866
2866
2867
2868
2868
2868
2869
2869
2869
2873
2874
2876
2878
2878
2881
2882
2883
2883
2886
2888
2890
2892
2892
2893
2893
2893
2893
2894
2895
2896
2897
2897
2897
2898
2899
2900
2901
2902
2902
2903
2904
2904
2905
2906
2907
2907
2909
2910
2915
2915
2915
2915
2916
2916
2917
2917
2919
2920
2920
2921
2921
2922
2922
2925
2925
2926
2927
2928
2929
2929
2930
2932
2933
2934
2935
2936
2938
2939
2939
2939
2940
2941
2942
2942
2943
2943
2944
2945
2945
2946
2950
2952
2953
2954
2954
2954
2955
2956
2956
2956
2957
2959
2960
2960
2962
2962
2963
2963
2966
2967
2967
2968
2968
2969
2970
2973
2976
2977
2977
2978
2978
2979
2984
2984
2985
2985
2986
2986
2987
2987
2990
2994
2994
2994
2995
2995
2996
2996
2998
3000
3001
3002
3002
3003
3003
3005
3005
3006
3008
3008
3008
3008
3009
3009
3009
3010
3011
3013
3014
3015
3016
3020
3020
3023
3024
3024
3025
3026
3026
3026
3026
3027
3027
3028
3028
3030
3031
3032
3034
3036
3037
3039
3042
3043
3043
3043
3044
3045
3047
3049
3052
3053
3053
3054
3054
3055
3055
3055
3056
3057
3060
3063
3064
3065
3065
3066
3066
3066
3068
3069
3069
3071
3071
3071
3071
3072
3072
3074
3075
3076
3076
3078
3079
3080
3080
3086
3086
3086
3086
3087
3087
3089
3090
3091
3092
3092
3092
3097
3099
3100
3103
3104
3104
3106
3106
3108
3108
3109
3111
3113
3115
3115
3117
3117
3118
3120
3120
3120
3120
3122
3122
3122
3124
3125
3126
3127
3127
3128
3131
3131
3132
3133
3134
3137
3140
3140
3140
3140
3141
3141
3143
3143
3146
3147
3150
3150
3151
3152
3152
3153
3156
3156
3157
3157
3158
3159
3160
3160
3161
3162
3164
3165
3166
3166
3166
3168
3168
3169
3169
3170
3170
3171
3173
3173
3174
3175
3175
3176
3176
3176
3177
3177
3177
3177
3178
3178
3178
3178
3182
3183
3185
3186
3187
3187
3187
3190
3190
3192
3194
3196
3198
3198
3200
3201
3201
3202
3202
3203
3203
3204
3205
3207
3207
3208
3208
3211
3214
3214
3215
3215
3215
3217
3217
3218
3218
3221
3221
3222
3222
3223
3224
3228
3229
3230
3231
3231
3233
3236
3236
3236
3236
3236
3236
3236
3238
3241
3244
3244
3245
3247
3248
3248
3248
3249
3249
3250
3250
3251
3251
3252
3253
3253
3254
3254
3255
3255
3259
3259
3260
3260
3261
3267
3269
3271
3272
3273
3276
3279
3279
3280
3280
3282
3283
3284
3286
3287
3287
3287
3288
3289
3291
3293
3294
3295
3297
3298
3300
3300
3302
3304
3305
3305
3306
3306
3307
3309
3309
3310
3311
3312
3312
3314
3317
3318
3319
3319
3321
3322
3324
3326
3327
3329
3330
3330
3330
3332
3332
3333
3334
3334
3335
3335
3335
3337
3337
3338
3339
3340
3342
3343
3345
3346
3347
3349
3350
3350
3351
3351
3352
3352
3354
3355
3357
3358
3358
3358
3359
3359
3360
3360
3365
3365
3367
3370
3370
3373
3374
3375
3376
3377
3377
3379
3381
3383
3383
3386
3387
3392
3393
3394
3394
3396
3398
3399
3400
3401
3402
3404
3404
3405
3405
3406
3406
3406
3408
3408
3409
3409
3409
3409
3409
3412
3413
3413
3415
3415
3416
3416
3416
3417
3421
3421
3422
3425
3426
3426
3428
3428
3430
3430
3431
3431
3432
3434
3435
3435
3435
3435
3435
3436
3436
3438
3439
3442
3443
3448
3448
3449
3450
3452
3452
3453
3455
3459
3459
3459
3460
3461
3463
3464
3465
3466
3467
3468
3472
3473
3474
3475
3475
3475
3476
3477
3477
3479
3481
3482
3483
3484
3485
3485
3485
3487
3488
3488
3488
3492
3492
3493
3493
3493
3494
3495
3497
3498
3499
3499
3500
3501
3501
3502
3503
3504
3506
3507
3508
3509
3510
3511
3511
3512
3513
3515
3516
3516
3520
3520
3521
3523
3525
3526
3528
3528
3529
3529
3530
3531
3533
3533
3536
3536
3537
3539
3541
3543
3543
3544
3544
3545
3546
3547
3548
3548
3548
3552
3552
3554
3554
3554
3555
3556
3556
3556
3558
3559
3560
3560
3560
3561
3562
3563
3564
3565
3565
3565
3566
3567
3570
3571
3571
3572
3572
3572
3572
3574
3576
3579
3582
3585
3588
3589
3592
3593
3593
3593
3594
3597
3598
3598
3599
3600
3601
3601
3602
3603
3603
3604
3606
3607
3607
3610
3612
3612
3612
3613
3618
3619
3620
3620
3622
3623
3623
3624
3625
3627
3627
3630
3630
3631
3635
3636
3642
3644
3644
3644
3644
3644
3645
3647
3647
3648
3649
3650
3651
3651
3652
3652
3653
3654
3654
3656
3658
3659
3660
3660
3661
3661
3663
3664
3665
3665
3666
3668
3670
3670
3671
3672
3673
3673
3673
3675
3675
3676
3677
3680
3682
3682
3683
3683
3684
3684
3686
3686
3686
3686
3687
3688
3688
3688
3690
3691
3691
3692
3692
3694
3695
3696
3697
3697
3698
3698
3698
3698
3698
3699
3700
3700
3704
3704
3704
3705
3705
3707
3708
3710
3710
3711
3713
3713
3713
3713
3714
3714
3714
3716
3716
3720
3721
3721
3721
3723
3723
3723
3724
3724
3725
3725
3728
3730
3730
3734
3736
3737
3738
3738
3739
3740
3741
3741
3743
3743
3743
3744
3746
3747
3748
3749
3749
3750
3754
3755
3755
3755
3756
3757
3759
3760
3762
3762
3762
3763
3764
3770
3770
3771
3775
3775
3777
3777
3777
3777
3777
3781
3782
3783
3784
3784
3788
3789
3791
3795
3795
3796
3796
3796
3797
3797
3797
3800
3801
3802
3802
3802
3803
3804
3804
3807
3807
3809
3809
3809
3810
3810
3811
3813
3818
3818
3818
3819
3819
3819
3819
3820
3821
3821
3822
3823
3824
3825
3825
3826
3828
3828
3829
3829
3830
3832
3838
3838
3839
3842
3843
3844
3844
3846
3851
3851
3852
3852
3853
3854
3854
3855
3856
3856
3857
3857
3858
3859
3859
3860
3861
3861
3862
3863
3863
3864
3865
3865
3867
3867
3868
3868
3868
3869
3869
3870
3870
3871
3872
3872
3872
3872
3872
3873
3874
3874
3875
3878
3878
3879
3879
3879
3879
3880
3881
3882
3882
3883
3884
3884
3885
3885
3885
3887
3887
3888
3888
3889
3889
3889
3890
3890
3893
3893
3895
3895
3896
3897
3898
3898
3899
3900
3901
3901
3902
3902
3902
3903
3906
3908
3908
3909
3911
3913
3914
3914
3915
3916
3917
3917
3918
3918
3919
3920
3921
3922
3923
3924
3925
3925
3925
3925
3925
3926
3926
3927
3927
3928
3928
3930
3931
3931
3932
3932
3932
3933
3933
3936
3936
3937
3938
3939
3943
3944
3944
3945
3947
3948
3949
3949
3949
3950
3951
3952
3952
3953
3954
3955
3955
3956
3957
3957
3958
3959
3962
3964
3966
3966
3969
3970
3970
3971
3971
3971
3977
3977
3977
3978
3980
3980
3980
3981
3982
3983
3983
3984
3984
3985
3985
3985
3986
3989
3989
3989
3989
3990
3990
3991
3992
3992
3992
3993
3995
4001
4002
4003
4003
4004
4005
4005
4006
4006
4007
4007
4007
4008
4010
4011
4012
4013
4013
4016
4018
4020
4021
4022
4022
4023
4024
4025
4025
4026
4026
4026
4027
4027
4030
4031
4031
4032
4032
4033
4034
4034
4035
4035
4036
4037
4038
4041
4043
4043
4044
4044
4047
4047
4047
4047
4047
4048
4048
4050
4050
4050
4050
4050
4051
4053
4053
4055
4055
4058
4058
4061
4062
4062
4062
4062
4063
4064
4066
4068
4068
4068
4071
4071
4072
4076
4077
4078
4081
4081
4081
4083
4086
4086
4087
4089
4089
4089
4089
4093
4094
4094
4096
4096
4097
4097
4098
4098
4099
4100
4100
4101
4101
4104
4105
4105
4106
4106
4107
4107
4108
4110
4111
4112
4112
4113
4113
4113
4114
4115
4115
4115
4118
4119
4119
4119
4119
4122
4122
4123
4124
4127
4128
4128
4129
4129
4129
4131
4132
4135
4135
4136
4137
4137
4137
4139
4139
4140
4141
4141
4141
4141
4144
4146
4147
4148
4149
4151
4151
4152
4152
4152
4153
4153
4154
4155
4159
4161
4162
4163
4164
4164
4164
4165
4166
4169
4169
4170
4170
4171
4173
4173
4174
4175
4176
4176
4176
4177
4178
4179
4180
4180
4180
4180
4180
4181
4183
4184
4184
4185
4187
4187
4188
4190
4191
4194
4195
4196
4196
4197
4197
4197
4197
4198
4198
4201
4202
4202
4202
4203
4207
4208
4209
4210
4210
4210
4211
4217
4218
4218
4220
4222
4224
4224
4226
4226
4227
4227
4228
4228
4229
4231
4232
4233
4236
4236
4236
4238
4239
4239
4240
4240
4242
4247
4247
4247
4248
4248
4249
4250
4251
4255
4255
4255
4257
4258
4258
4259
4259
4259
4260
4262
4262
4263
4264
4264
4264
4265
4265
4266
4267
4268
4268
4269
4270
4271
4273
4274
4274
4274
4276
4277
4278
4282
4282
4284
4284
4286
4288
4289
4290
4290
4291
4291
4291
4293
4295
4296
4296
4296
4296
4297
4299
4301
4306
4306
4308
4309
4310
4310
4310
4311
4312
4312
4315
4318
4319
4319
4319
4320
4321
4321
4322
4322
4323
4323
4323
4323
4324
4325
4326
4326
4327
4329
4331
4332
4332
4334
4334
4335
4335
4337
4339
4347
4349
4355
4356
4356
4357
4358
4359
4360
4360
4363
4363
4364
4364
4366
4366
4367
4367
4368
4369
4371
4372
4374
4375
4378
4378
4379
4380
4380
4380
4381
4382
4383
4386
4386
4386
4387
4387
4387
4390
4391
4392
4395
4395
4396
4397
4398
4399
4401
4401
4401
4401
4402
4403
4406
4408
4409
4411
4412
4412
4413
4414
4414
4415
4415
4416
4416
4417
4418
4419
4419
4419
4422
4422
4422
4425
4425
4425
4425
4426
4426
4426
4427
4429
4429
4430
4431
4432
4432
4433
4434
4434
4435
4437
4437
4437
4438
4439
4439
4439
4440
4442
4442
4442
4444
4444
4445
4447
4447
4448
4448
4449
4449
4449
4451
4451
4451
4451
4451
4452
4453
4454
4456
4459
4463
4464
4465
4465
4465
4466
4467
4469
4471
4472
4476
4477
4478
4479
4480
4482
4483
4483
4483
4485
4485
4487
4489
4490
4491
4493
4493
4494
4495
4495
4496
4497
4498
4501
4502
4503
4503
4510
4513
4514
4514
4515
4515
4516
4518
4518
4518
4519
4520
4520
4521
4522
4522
4523
4524
4525
4526
4526
4531
4532
4532
4533
4534
4534
4534
4535
4536
4539
4539
4540
4541
4541
4541
4542
4543
4543
4544
4544
4544
4546
4548
4548
4549
4550
4553
4553
4556
4557
4557
4557
4559
4560
4560
4562
4562
4563
4565
4565
4565
4569
4570
4572
4572
4572
4573
4574
4574
4575
4575
4576
4576
4577
4577
4578
4578
4580
4583
4585
4585
4587
4588
4589
4589
4593
4593
4593
4593
4595
4596
4597
4598
4598
4599
4599
4600
4601
4601
4604
4604
4607
4607
4609
4609
4610
4611
4611
4612
4613
4613
4613
4614
4616
4617
4618
4618
4620
4620
4621
4622
4622
4622
4623
4625
4630
4630
4631
4632
4632
4633
4633
4634
4634
4634
4634
4635
4637
4640
4640
4640
4641
4642
4643
4643
4645
4645
4646
4647
4647
4648
4649
4650
4651
4651
4652
4652
4654
4654
4656
4657
4659
4659
4660
4660
4661
4661
4663
4663
4663
4663
4663
4664
4664
4669
4670
4671
4672
4672
4674
4675
4676
4677
4681
4681
4682
4683
4683
4685
4685
4686
4686
4686
4689
4690
4690
4691
4693
4694
4695
4696
4698
4698
4700
4700
4702
4702
4704
4704
4704
4707
4707
4708
4708
4709
4709
4710
4711
4713
4715
4715
4716
4717
4717
4717
4722
4722
4722
4725
4727
4730
4730
4732
4735
4739
4739
4740
4740
4740
4741
4741
4742
4742
4742
4743
4745
4746
4748
4748
4748
4749
4750
4752
4753
4757
4757
4758
4758
4758
4759
4761
4761
4762
4762
4763
4764
4764
4765
4765
4765
4765
4766
4767
4767
4768
4769
4769
4770
4771
4771
4773
4773
4774
4776
4776
4778
4779
4779
4781
4781
4784
4786
4786
4786
4787
4789
4791
4793
4793
4796
4799
4799
4800
4803
4803
4803
4804
4805
4805
4806
4807
4808
4808
4808
4808
4809
4809
4809
4811
4812
4813
4813
4813
4814
4814
4814
4815
4815
4815
4816
4817
4819
4819
4820
4820
4821
4822
4823
4823
4823
4824
4825
4826
4826
4826
4829
4829
4833
4835
4835
4836
4836
4840
4842
4846
4847
4848
4848
4848
4848
4849
4850
4850
4850
4851
4851
4854
4854
4855
4856
4856
4856
4858
4858
4859
4861
4863
4863
4863
4864
4866
4867
4867
4869
4869
4871
4873
4873
4873
4875
4875
4877
4878
4879
4879
4879
4881
4882
4882
4883
4884
4884
4885
4885
4886
4887
4888
4888
4888
4889
4889
4889
4890
4893
4893
4894
4895
4895
4895
4896
4897
4900
4901
4901
4902
4902
4904
4904
4907
4907
4907
4908
4909
4912
4912
4914
4915
4915
4915
4918
4918
4919
4920
4922
4922
4923
4926
4926
4927
4929
4929
4929
4931
4932
4934
4934
4936
4938
4939
4939
4939
4940
4940
4941
4944
4944
4944
4945
4946
4947
4949
4950
4953
4954
4954
4955
4957
4958
4959
4959
4960
4961
4961
4963
4966
4966
4967
4967
4968
4968
4969
4970
4971
4971
4973
4973
4973
4974
4974
4976
4980
4980
4981
4981
4983
4985
4985
4988
4989
4990
4990
4991
4991
4992
4992
4994
4994
4995
4996
4997
4998
4999
5000
5001
5001
5002
5003
5003
5007
5007
5008
5009
5009
5009
5010
5011
5012
5014
5016
5016
5017
5018
5018
5018
5020
5021
5025
5025
5026
5027
5028
5028
5030
5030
5033
5035
5035
5035
5037
5037
5038
5039
5039
5041
5042
5042
5044
5045
5045
5046
5050
5050
5051
5053
5053
5053
5054
5056
5056
5057
5057
5058
5061
5061
5062
5063
5063
5065
5065
5067
5068
5069
5070
5072
5072
5073
5073
5074
5075
5078
5078
5079
5079
5080
5080
5080
5080
5081
5081
5083
5083
5083
5084
5086
5087
5087
5089
5089
5090
5091
5093
5093
5094
5094
5095
5096
5097
5097
5098
5099
5099
5103
5104
5105
5105
5108
5109
5110
5110
5112
5112
5112
5113
5113
5113
5113
5116
5117
5119
5119
5120
5120
5120
5120
5121
5121
5124
5125
5125
5126
5128
5129
5130
5130
5131
5131
5132
5133
5134
5134
5135
5135
5137
5137
5138
5141
5142
5144
5149
5149
5150
5151
5152
5152
5156
5161
5161
5162
5163
5164
5166
5166
5166
5167
5167
5170
5172
5174
5176
5176
5176
5177
5178
5179
5180
5180
5180
5180
5181
5181
5185
5186
5186
5187
5190
5191
5197
5197
5197
5198
5198
5198
5199
5204
5205
5206
5207
5208
5210
5211
5211
5213
5213
5214
5214
5214
5216
5216
5217
5217
5217
5218
5218
5218
5218
5220
5223
5224
5225
5225
5227
5230
5232
5232
5233
5234
5235
5236
5238
5240
5240
5240
5242
5243
5243
5243
5245
5245
5245
5246
5249
5250
5250
5251
5251
5253
5253
5255
5257
5258
5259
5260
5260
5260
5260
5264
5264
5264
5264
5265
5266
5267
5269
5271
5271
5273
5274
5274
5276
5276
5276
5277
5280
5281
5282
5282
5284
5285
5285
5285
5288
5288
5289
5290
5290
5292
5295
5295
5295
5298
5298
5301
5301
5301
5302
5303
5305
5306
5307
5310
5313
5314
5315
5316
5316
5317
5318
5318
5318
5319
5319
5320
5321
5323
5323
5325
5325
5326
5326
5327
5327
5328
5329
5333
5334
5334
5335
5336
5337
5337
5338
5339
5342
5344
5344
5344
5344
5346
5347
5349
5351
5351
5351
5353
5355
5357
5357
5358
5358
5360
5361
5361
5362
5362
5369
5370
5371
5372
5372
5375
5375
5376
5377
5378
5379
5380
5381
5381
5383
5384
5384
5385
5387
5388
5389
5390
5390
5391
5391
5393
5393
5394
5395
5396
5396
5397
5398
5400
5403
5405
5405
5408
5408
5409
5409
5410
5410
5411
5413
5414
5415
5417
5417
5417
5419
5419
5420
5421
5422
5423
5423
5425
5426
5427
5429
5429
5430
5431
5431
5434
5436
5437
5437
5437
5439
5440
5442
5444
5444
5446
5447
5447
5448
5448
5448
5450
5450
5453
5454
5459
5459
5463
5463
5465
5465
5472
5472
5473
5475
5477
5479
5479
5482
5483
5484
5485
5485
5485
5487
5490
5491
5491
5491
5492
5495
5496
5497
5498
5502
5503
5506
5506
5507
5508
5508
5509
5510
5510
5512
5513
5515
5516
5516
5516
5517
5519
5520
5520
5521
5523
5524
5525
5526
5526
5529
5531
5534
5535
5535
5536
5538
5538
5539
5539
5540
5541
5541
5542
5542
5543
5544
5544
5544
5544
5545
5546
5547
5548
5549
5550
5551
5551
5552
5556
5556
5559
5560
5561
5561
5562
5563
5565
5567
5567
5568
5569
5569
5569
5571
5573
5574
5574
5574
5576
5578
5579
5579
5579
5580
5580
5580
5581
5581
5581
5583
5584
5584
5584
5585
5586
5586
5588
5589
5591
5591
5592
5592
5592
5592
5592
5593
5595
5595
5597
5597
5598
5598
5599
5601
5603
5603
5605
5607
5607
5607
5607
5609
5609
5611
5612
5613
5613
5614
5615
5616
5618
5619
5620
5620
5621
5623
5623
5624
5624
5625
5627
5628
5628
5628
5628
5629
5631
5632
5632
5632
5634
5636
5637
5637
5639
5644
5646
5649
5650
5650
5652
5652
5653
5653
5655
5657
5657
5657
5659
5660
5661
5662
5662
5662
5662
5663
5667
5667
5669
5669
5670
5670
5671
5671
5672
5672
5676
5677
5678
5679
5680
5681
5681
5681
5682
5683
5683
5685
5686
5687
5690
5691
5692
5693
5693
5695
5697
5698
5700
5702
5702
5702
5702
5704
5705
5706
5708
5709
5709
5709
5713
5713
5713
5714
5715
5716
5717
5719
5720
5721
5722
5724
5724
5726
5726
5727
5727
5727
5728
5728
5729
5729
5729
5730
5732
5733
5733
5733
5735
5735
5737
5738
5739
5739
5739
5740
5740
5740
5741
5741
5742
5743
5743
5744
5744
5744
5745
5748
5750
5751
5752
5752
5752
5753
5754
5755
5755
5756
5757
5757
5759
5759
5760
5761
5762
5764
5764
5764
5768
5768
5769
5769
5770
5770
5771
5772
5772
5773
5774
5775
5776
5776
5776
5777
5778
5778
5780
5784
5784
5784
5787
5787
5787
5788
5788
5789
5790
5793
5795
5797
5798
5799
5800
5801
5801
5801
5802
5804
5804
5805
5805
5805
5805
5808
5809
5810
5811
5811
5812
5813
5815
5815
5815
5816
5816
5817
5817
5819
5821
5824
5824
5825
5828
5828
5829
5830
5830
5832
5832
5834
5840
5840
5840
5841
5842
5843
5843
5844
5845
5846
5847
5847
5849
5851
5853
5855
5855
5855
5856
5856
5857
5857
5858
5858
5858
5859
5859
5860
5861
5862
5863
5864
5865
5866
5867
5868
5872
5874
5874
5875
5876
5879
5880
5882
5883
5884
5884
5885
5886
5887
5890
5891
5892
5893
5897
5898
5898
5899
5899
5901
5902
5903
5903
5906
5906
5907
5908
5915
5915
5915
5916
5916
5918
5920
5925
5926
5926
5926
5926
5926
5928
5929
5931
5931
5934
5934
5937
5938
5939
5940
5940
5940
5941
5942
5942
5942
5942
5943
5943
5944
5946
5947
5950
5951
5951
5951
5952
5953
5954
5955
5955
5956
5957
5958
5959
5959
5959
5960
5961
5964
5965
5965
5966
5966
5968
5968
5972
5973
5976
5976
5977
5977
5977
5978
5979
5980
5980
5982
5983
5984
5984
5984
5987
5987
5991
5992
5992
5993
5993
5994
5994
5994
5995
5995
5995
5996
5997
5997
5998
5999
6000
6000
6000
6002
6003
6004
6005
6006
6007
6008
6009
6010
6010
6013
6013
6015
6016
6017
6017
6018
6019
6019
6019
6020
6020
6020
6021
6021
6022
6022
6022
6024
6024
6024
6025
6026
6026
6027
6028
6031
6031
6032
6034
6035
6035
6036
6037
6038
6040
6041
6043
6043
6045
6045
6047
6048
6048
6049
6051
6052
6053
6054
6054
6056
6058
6061
6062
6063
6065
6066
6069
6075
6075
6077
6080
6081
6081
6083
6088
6090
6092
6092
6100
6100
6100
6102
6102
6105
6106
6107
6112
6113
6114
6114
6117
6117
6117
6121
6121
6122
6123
6123
6125
6125
6126
6128
6129
6130
6133
6134
6135
6135
6136
6136
6138
6138
6139
6140
6141
6141
6145
6145
6145
6146
6146
6147
6148
6149
6150
6151
6152
6152
6153
6155
6155
6157
6161
6162
6163
6163
6164
6165
6165
6165
6166
6167
6167
6170
6170
6170
6174
6174
6175
6178
6178
6179
6179
6180
6180
6181
6183
6183
6185
6186
6187
6190
6190
6191
6192
6192
6195
6197
6198
6199
6200
6201
6202
6202
6209
6209
6210
6210
6210
6211
6211
6212
6212
6213
6214
6215
6217
6220
6222
6223
6224
6224
6225
6226
6227
6228
6230
6231
6232
6234
6234
6236
6237
6239
6239
6239
6243
6244
6244
6245
6245
6245
6246
6250
6250
6251
6254
6254
6256
6256
6256
6257
6261
6264
6265
6265
6266
6266
6271
6271
6272
6272
6273
6273
6274
6275
6276
6277
6278
6285
6287
6288
6289
6289
6290
6292
6293
6293
6294
6294
6294
6295
6295
6296
6296
6297
6298
6299
6307
6307
6307
6311
6312
6312
6312
6313
6315
6315
6315
6315
6316
6316
6316
6317
6318
6319
6320
6320
6320
6321
6322
6323
6323
6324
6325
6326
6327
6327
6328
6328
6328
6331
6332
6333
6337
6339
6339
6340
6340
6343
6345
6346
6348
6348
6349
6353
6354
6355
6356
6357
6359
6359
6360
6360
6362
6363
6364
6364
6365
6366
6366
6367
6367
6370
6372
6372
6373
6374
6375
6375
6376
6377
6379
6379
6379
6380
6382
6384
6385
6385
6385
6385
6385
6386
6386
6387
6389
6390
6393
6395
6396
6398
6398
6399
6399
6402
6402
6403
6407
6408
6409
6411
6411
6411
6413
6413
6414
6414
6415
6415
6417
6418
6418
6418
6420
6420
6422
6422
6423
6423
6425
6425
6426
6427
6430
6432
6432
6433
6433
6435
6437
6439
6439
6440
6441
6441
6441
6442
6442
6443
6443
6443
6444
6445
6446
6446
6446
6448
6448
6449
6451
6451
6454
6456
6456
6458
6458
6459
6460
6461
6462
6462
6462
6463
6463
6465
6466
6467
6468
6468
6468
6470
6473
6473
6474
6474
6475
6476
6476
6476
6477
6479
6479
6480
6481
6481
6482
6482
6482
6483
6484
6485
6487
6489
6490
6490
6490
6491
6493
6494
6494
6495
6495
6496
6496
6497
6497
6499
6501
6502
6503
6504
6505
6507
6508
6509
6511
6512
6512
6512
6513
6519
6519
6520
6522
6523
6525
6526
6528
6528
6528
6530
6531
6532
6534
6535
6535
6535
6536
6536
6541
6542
6542
6542
6543
6545
6545
6546
6548
6548
6549
6549
6549
6549
6550
6551
6552
6552
6553
6553
6556
6557
6558
6558
6561
6561
6563
6565
6565
6566
6569
6569
6569
6572
6574
6575
6576
6578
6578
6579
6581
6581
6581
6583
6583
6584
6588
6591
6592
6596
6596
6598
6601
6602
6602
6604
6604
6604
6606
6607
6608
6609
6611
6612
6612
6612
6612
6614
6615
6616
6618
6619
6620
6620
6620
6621
6621
6621
6624
6624
6625
6625
6629
6630
6630
6631
6632
6633
6633
6634
6634
6636
6638
6639
6640
6641
6642
6643
6645
6646
6649
6649
6651
6653
6653
6655
6656
6657
6657
6658
6659
6660
6660
6661
6663
6664
6665
6665
6665
6665
6666
6668
6669
6670
6670
6672
6675
6676
6676
6679
6679
6680
6682
6686
6689
6690
6690
6692
6693
6694
6696
6699
6699
6701
6702
6702
6703
6704
6705
6708
6708
6708
6709
6709
6710
6710
6710
6711
6712
6713
6713
6713
6714
6716
6717
6720
6722
6723
6724
6725
6725
6729
6729
6729
6729
6731
6731
6732
6732
6733
6734
6734
6739
6740
6740
6741
6741
6741
6742
6744
6744
6744
6745
6746
6746
6748
6751
6751
6752
6752
6756
6757
6757
6758
6760
6760
6761
6762
6762
6763
6763
6763
6763
6763
6764
6764
6765
6767
6768
6769
6769
6770
6770
6771
6772
6772
6773
6775
6777
6780
6781
6782
6785
6785
6785
6786
6787
6787
6788
6788
6788
6789
6790
6790
6791
6792
6793
6793
6794
6794
6794
6795
6797
6799
6801
6803
6803
6804
6805
6805
6807
6808
6809
6810
6810
6811
6812
6812
6812
6813
6813
6814
6814
6816
6816
6817
6817
6820
6822
6822
6823
6823
6825
6826
6826
6827
6828
6829
6829
6833
6834
6834
6836
6839
6839
6841
6841
6841
6842
6842
6844
6846
6847
6848
6848
6849
6850
6851
6851
6854
6854
6855
6855
6856
6857
6859
6859
6859
6860
6860
6861
6862
6862
6863
6863
6863
6864
6865
6865
6867
6867
6867
6868
6868
6869
6869
6870
6872
6873
6873
6874
6876
6876
6877
6877
6878
6879
6883
6883
6885
6886
6887
6888
6889
6890
6890
6890
6890
6891
6892
6892
6892
6893
6894
6894
6895
6896
6896
6897
6898
6898
6899
6899
6900
6900
6900
6902
6902
6903
6903
6904
6907
6909
6909
6909
6909
6910
6911
6912
6917
6919
6922
6924
6924
6927
6927
6927
6927
6928
6929
6930
6931
6932
6934
6935
6936
6936
6938
6939
6939
6942
6944
6946
6947
6950
6951
6952
6954
6955
6957
6957
6957
6958
6959
6959
6960
6960
6960
6962
6962
6963
6963
6964
6966
6967
6967
6968
6971
6972
6973
6974
6974
6975
6975
6975
6976
6976
6980
6981
6983
6985
6985
6986
6988
6988
6989
6990
6990
6990
6991
6992
6993
6994
6994
6999
6999
7001
7001
7003
7003
7005
7005
7007
7011
7012
7015
7016
7017
7017
7019
7020
7021
7021
7021
7021
7024
7028
7028
7030
7030
7031
7031
7031
7032
7032
7033
7033
7034
7034
7035
7036
7036
7036
7036
7037
7038
7038
7039
7040
7040
7041
7041
7043
7045
7045
7046
7047
7049
7050
7050
7052
7055
7057
7057
7058
7060
7061
7061
7064
7065
7066
7066
7067
7068
7071
7072
7073
7073
7073
7074
7076
7076
7078
7078
7080
7080
7082
7083
7084
7085
7087
7087
7087
7088
7088
7093
7095
7095
7096
7099
7099
7099
7100
7100
7101
7101
7102
7102
7103
7106
7106
7107
7107
7108
7108
7110
7112
7112
7112
7112
7112
7113
7117
7118
7119
7121
7121
7121
7122
7124
7125
7125
7125
7126
7129
7129
7130
7132
7134
7136
7136
7136
7136
7137
7137
7137
7139
7141
7143
7143
7143
7144
7144
7145
7145
7146
7148
7149
7152
7152
7156
7157
7157
7157
7158
7159
7159
7159
7160
7161
7162
7164
7164
7165
7165
7167
7167
7169
7169
7170
7170
7175
7175
7176
7177
7180
7180
7181
7181
7181
7182
7185
7186
7187
7187
7188
7189
7189
7191
7191
7191
7192
7193
7195
7195
7199
7199
7201
7201
7202
7205
7205
7205
7208
7208
7211
7211
7211
7212
7212
7214
7214
7216
7217
7217
7218
7218
7219
7219
7220
7220
7221
7222
7224
7225
7226
7226
7227
7228
7229
7231
7232
7233
7233
7236
7236
7237
7238
7239
7239
7242
7244
7244
7245
7245
7248
7250
7250
7252
7253
7254
7255
7257
7258
7259
7260
7260
7261
7262
7265
7266
7266
7266
7267
7269
7269
7269
7270
7273
7274
7274
7275
7277
7277
7278
7280
7280
7282
7282
7283
7283
7283
7284
7285
7285
7286
7287
7288
7289
7291
7291
7292
7293
7294
7295
7296
7296
7297
7298
7299
7299
7300
7300
7301
7302
7302
7303
7303
7305
7307
7307
7307
7309
7310
7312
7314
7316
7316
7317
7317
7318
7319
7319
7320
7322
7323
7324
7325
7325
7326
7327
7328
7328
7331
7334
7335
7336
7337
7338
7339
7339
7341
7342
7342
7342
7343
7343
7344
7344
7345
7346
7350
7355
7356
7356
7357
7357
7359
7361
7361
7362
7363
7365
7365
7368
7369
7370
7372
7373
7373
7374
7375
7376
7377
7377
7378
7378
7378
7379
7381
7382
7382
7383
7383
7383
7386
7390
7390
7391
7395
7396
7396
7397
7398
7398
7399
7399
7399
7401
7401
7402
7402
7404
7404
7404
7408
7409
7411
7411
7413
7415
7416
7416
7417
7417
7417
7417
7418
7418
7419
7419
7420
7420
7425
7427
7430
7432
7433
7433
7436
7437
7438
7438
7439
7439
7439
7441
7443
7443
7444
7444
7445
7445
7448
7449
7450
7451
7451
7451
7451
7451
7452
7453
7455
7455
7456
7456
7456
7460
7461
7462
7466
7468
7470
7470
7471
7473
7474
7475
7477
7478
7479
7482
7483
7485
7485
7486
7486
7486
7487
7490
7490
7491
7492
7493
7494
7494
7495
7495
7497
7498
7499
7499
7499
7500
7503
7505
7505
7507
7507
7508
7508
7508
7508
7509
7512
7512
7512
7513
7515
7516
7517
7518
7519
7521
7522
7523
7523
7524
7524
7525
7525
7526
7526
7527
7528
7529
7530
7530
7534
7534
7536
7537
7537
7540
7541
7542
7542
7542
7542
7543
7544
7545
7546
7547
7548
7548
7548
7549
7549
7550
7551
7553
7554
7555
7555
7557
7558
7559
7560
7560
7560
7562
7564
7564
7566
7566
7568
7568
7569
7570
7570
7571
7572
7573
7573
7575
7575
7576
7577
7577
7578
7580
7580
7582
7583
7585
7585
7586
7586
7587
7587
7587
7587
7589
7591
7591
7591
7592
7592
7595
7596
7598
7599
7600
7600
7602
7603
7603
7604
7605
7605
7605
7606
7606
7607
7609
7609
7611
7611
7613
7615
7615
7617
7617
7618
7618
7618
7619
7620
7621
7622
7622
7622
7632
7632
7633
7633
7634
7634
7635
7635
7636
7637
7638
7639
7640
7642
7643
7644
7645
7648
7648
7650
7650
7651
7652
7654
7654
7656
7658
7659
7659
7660
7660
7660
7661
7661
7662
7665
7666
7666
7667
7670
7670
7673
7673
7674
7675
7676
7676
7677
7678
7678
7679
7679
7680
7681
7682
7682
7683
7684
7685
7685
7688
7688
7689
7690
7691
7691
7695
7696
7697
7698
7701
7701
7703
7706
7707
7708
7709
7711
7712
7715
7717
7718
7719
7720
7720
7721
7722
7722
7722
7723
7724
7724
7727
7727
7727
7728
7732
7732
7733
7735
7735
7736
7737
7737
7738
7738
7739
7739
7740
7742
7743
7745
7745
7745
7746
7748
7749
7749
7750
7753
7754
7754
7754
7754
7756
7757
7757
7758
7759
7759
7760
7760
7761
7761
7764
7765
7766
7767
7767
7768
7768
7770
7770
7770
7770
7771
7771
7772
7774
7774
7777
7778
7780
7780
7784
7785
7786
7787
7787
7791
7791
7791
7792
7794
7795
7796
7796
7798
7798
7798
7798
7801
7803
7803
7803
7805
7805
7806
7809
7809
7810
7812
7812
7812
7814
7815
7816
7819
7820
7820
7821
7823
7827
7827
7828
7830
7830
7831
7834
7837
7837
7838
7840
7843
7844
7845
7846
7846
7846
7847
7847
7849
7851
7851
7851
7852
7852
7853
7854
7858
7859
7860
7861
7861
7862
7862
7864
7865
7867
7867
7868
7868
7868
7869
7870
7870
7870
7873
7873
7874
7876
7877
7877
7878
7879
7880
7881
7881
7881
7882
7884
7887
7887
7888
7888
7889
7889
7890
7890
7893
7893
7894
7894
7894
7895
7895
7899
7899
7900
7901
7901
7901
7903
7904
7906
7907
7910
7914
7915
7915
7916
7916
7916
7917
7918
7918
7918
7919
7921
7921
7922
7923
7923
7925
7927
7927
7927
7929
7929
7931
7931
7933
7933
7934
7936
7936
7937
7938
7938
7939
7942
7943
7945
7946
7948
7949
7949
7949
7950
7951
7951
7952
7953
7956
7956
7958
7959
7960
7961
7963
7963
7963
7964
7964
7964
7965
7967
7967
7967
7969
7970
7972
7974
7974
7977
7979
7983
7984
7984
7986
7987
7987
7988
7990
7995
7996
7996
7996
7996
7996
7998
8000
8001
8002
8002
8002
8003
8004
8006
8009
8009
8010
8011
8011
8012
8012
8013
8013
8013
8013
8017
8017
8017
8018
8018
8019
8022
8022
8022
8022
8024
8024
8027
8031
8032
8032
8034
8034
8038
8038
8038
8039
8039
8041
8044
8044
8045
8045
8049
8050
8051
8052
8053
8053
8057
8058
8058
8058
8060
8060
8061
8061
8062
8062
8063
8063
8064
8064
8068
8069
8072
8074
8074
8074
8080
8080
8083
8083
8084
8085
8085
8085
8086
8086
8086
8088
8089
8091
8091
8097
8097
8097
8098
8098
8099
8099
8101
8102
8104
8104
8105
8105
8106
8106
8109
8109
8110
8110
8112
8113
8114
8117
8118
8118
8119
8120
8120
8120
8121
8122
8122
8123
8124
8124
8126
8126
8126
8128
8130
8130
8133
8134
8135
8136
8138
8140
8141
8141
8142
8143
8143
8144
8147
8149
8149
8150
8150
8151
8151
8151
8155
8156
8158
8161
8163
8164
8164
8165
8167
8167
8168
8168
8169
8169
8170
8170
8171
8173
8174
8175
8175
8177
8180
8182
8183
8184
8185
8186
8186
8187
8189
8192
8193
8197
8199
8201
8203
8206
8206
8207
8208
8208
8210
8210
8215
8215
8216
8218
8219
8219
8220
8221
8221
8222
8223
8224
8224
8225
8225
8225
8225
8226
8228
8231
8232
8233
8234
8235
8236
8236
8238
8239
8239
8239
8243
8243
8244
8245
8246
8248
8248
8248
8250
8250
8251
8253
8254
8255
8260
8260
8261
8262
8263
8263
8264
8264
8265
8265
8266
8266
8267
8268
8268
8269
8270
8271
8271
8272
8272
8273
8273
8274
8274
8275
8276
8276
8277
8277
8279
8280
8280
8281
8282
8284
8286
8286
8286
8286
8286
8288
8289
8290
8291
8292
8292
8293
8296
8297
8299
8301
8301
8301
8302
8303
8303
8303
8305
8305
8306
8306
8307
8309
8309
8310
8312
8312
8313
8315
8315
8317
8318
8318
8319
8321
8321
8324
8327
8328
8329
8329
8330
8331
8331
8333
8336
8337
8338
8338
8339
8340
8341
8342
8342
8347
8348
8348
8348
8349
8349
8351
8355
8355
8357
8358
8358
8360
8360
8361
8361
8362
8364
8365
8367
8368
8368
8368
8371
8372
8373
8374
8375
8377
8378
8378
8379
8379
8379
8379
8379
8379
8380
8381
8382
8382
8383
8383
8383
8384
8385
8386
8387
8387
8389
8391
8392
8392
8392
8394
8396
8396
8397
8398
8399
8400
8400
8402
8402
8406
8406
8408
8408
8409
8410
8412
8418
8418
8420
8420
8420
8422
8424
8424
8425
8426
8427
8428
8428
8433
8433
8434
8434
8435
8435
8437
8437
8438
8440
8440
8441
8441
8442
8444
8444
8445
8446
8446
8446
8447
8448
8449
8450
8450
8457
8457
8458
8461
8461
8463
8463
8468
8469
8469
8470
8470
8473
8473
8476
8478
8478
8479
8480
8481
8482
8484
8484
8485
8486
8486
8487
8488
8488
8490
8491
8491
8492
8493
8494
8495
8496
8497
8499
8499
8501
8501
8503
8504
8505
8506
8506
8506
8507
8508
8509
8510
8511
8511
8512
8514
8514
8515
8516
8517
8519
8520
8521
8522
8523
8524
8524
8525
8525
8526
8527
8528
8529
8529
8529
8529
8535
8538
8539
8539
8540
8540
8540
8541
8541
8542
8543
8543
8547
8548
8548
8549
8550
8550
8552
8552
8553
8555
8558
8559
8559
8559
8560
8561
8562
8567
8568
8568
8568
8569
8574
8575
8576
8577
8579
8579
8581
8582
8583
8583
8583
8584
8585
8585
8587
8587
8588
8588
8589
8589
8590
8592
8593
8594
8595
8597
8600
8600
8601
8601
8601
8602
8602
8602
8603
8608
8609
8611
8611
8612
8614
8615
8615
8617
8617
8617
8621
8621
8622
8623
8625
8626
8626
8629
8630
8630
8631
8632
8633
8636
8636
8637
8637
8637
8638
8639
8641
8643
8643
8645
8647
8648
8648
8649
8649
8650
8650
8651
8651
8651
8652
8652
8652
8653
8654
8655
8656
8656
8657
8658
8659
8659
8659
8660
8660
8661
8661
8661
8662
8663
8664
8665
8665
8667
8668
8668
8673
8673
8674
8675
8676
8676
8678
8680
8680
8681
8681
8682
8682
8683
8684
8684
8684
8686
8687
8688
8689
8689
8690
8691
8693
8694
8695
8697
8699
8701
8701
8701
8703
8705
8708
8709
8710
8711
8711
8711
8712
8713
8713
8715
8715
8716
8716
8720
8721
8724
8724
8724
8726
8726
8728
8729
8730
8732
8732
8732
8733
8734
8735
8735
8736
8736
8737
8738
8739
8739
8740
8740
8740
8742
8746
8747
8747
8748
8748
8748
8748
8751
8751
8753
8754
8754
8755
8758
8758
8758
8760
8760
8760
8761
8761
8761
8762
8763
8764
8766
8767
8768
8768
8768
8769
8770
8771
8771
8772
8773
8773
8774
8775
8775
8775
8776
8778
8780
8780
8781
8782
8782
8783
8783
8784
8785
8786
8786
8786
8788
8789
8790
8791
8792
8794
8794
8795
8797
8797
8797
8798
8798
8798
8801
8802
8804
8804
8804
8805
8805
8808
8809
8809
8811
8812
8813
8814
8816
8816
8816
8817
8818
8818
8819
8819
8820
8821
8821
8822
8822
8823
8824
8824
8825
8826
8827
8827
8828
8830
8830
8831
8835
8836
8836
8839
8841
8841
8843
8844
8844
8846
8849
8850
8850
8851
8852
8853
8853
8853
8853
8856
8858
8859
8860
8860
8861
8863
8864
8864
8864
8865
8866
8867
8867
8867
8870
8871
8872
8872
8872
8873
8874
8875
8875
8875
8877
8877
8877
8877
8881
8881
8882
8882
8883
8883
8883
8883
8885
8885
8885
8886
8887
8887
8889
8890
8892
8893
8895
8897
8897
8898
8899
8899
8901
8901
8902
8902
8902
8902
8903
8903
8904
8904
8905
8905
8906
8906
8907
8907
8908
8909
8910
8910
8910
8911
8911
8912
8912
8913
8914
8916
8917
8918
8918
8918
8919
8920
8923
8923
8923
8923
8925
8926
8928
8930
8931
8932
8932
8932
8933
8935
8936
8938
8941
8941
8943
8945
8946
8947
8950
8954
8955
8955
8956
8956
8957
8958
8958
8961
8962
8962
8962
8963
8963
8966
8966
8966
8968
8970
8973
8976
8977
8979
8981
8982
8982
8983
8984
8984
8987
8988
8989
8989
8989
8989
8990
8990
8993
8993
8994
8994
8998
8998
8999
9000
9001
9002
9002
9006
9008
9008
9010
9010
9010
9010
9011
9011
9011
9011
9012
9013
9014
9014
9018
9019
9020
9022
9022
9022
9023
9023
9024
9025
9027
9027
9028
9029
9030
9033
9033
9033
9035
9035
9036
9041
9041
9044
9046
9048
9048
9048
9049
9050
9050
9053
9053
9053
9054
9054
9054
9055
9055
9055
9056
9059
9060
9061
9062
9062
9064
9065
9067
9074
9075
9079
9080
9080
9081
9083
9083
9083
9086
9087
9087
9088
9088
9088
9089
9090
9091
9095
9095
9097
9097
9097
9097
9097
9100
9100
9103
9104
9105
9105
9106
9109
9110
9111
9112
9114
9115
9116
9116
9117
9118
9120
9121
9122
9124
9125
9125
9127
9128
9129
9132
9134
9135
9137
9137
9138
9139
9140
9142
9145
9146
9148
9148
9148
9149
9152
9153
9154
9154
9155
9156
9157
9158
9158
9160
9160
9161
9162
9162
9162
9165
9167
9167
9168
9168
9169
9170
9171
9171
9173
9173
9174
9175
9177
9177
9177
9180
9180
9180
9181
9187
9189
9190
9191
9192
9194
9197
9197
9197
9198
9198
9202
9202
9202
9203
9206
9207
9207
9207
9208
9208
9208
9209
9211
9212
9213
9213
9215
9215
9215
9215
9216
9216
9216
9216
9217
9219
9222
9223
9226
9230
9231
9231
9232
9233
9234
9235
9235
9235
9237
9239
9239
9240
9242
9244
9244
9244
9245
9245
9246
9253
9255
9255
9255
9258
9259
9261
9262
9262
9263
9265
9267
9267
9269
9270
9270
9271
9272
9273
9275
9276
9276
9276
9278
9278
9279
9281
9281
9281
9282
9282
9283
9285
9285
9287
9287
9288
9289
9289
9290
9291
9291
9294
9294
9295
9295
9298
9298
9299
9299
9300
9301
9301
9302
9304
9305
9305
9307
9307
9308
9309
9310
9311
9312
9313
9314
9314
9314
9315
9316
9317
9318
9318
9320
9320
9320
9320
9323
9323
9323
9324
9325
9326
9326
9330
9330
9331
9333
9333
9333
9338
9339
9340
9340
9342
9342
9342
9344
9344
9347
9348
9348
9350
9351
9354
9357
9358
9359
9359
9365
9365
9365
9365
9365
9365
9366
9366
9368
9371
9371
9372
9374
9377
9377
9377
9379
9380
9380
9381
9381
9381
9383
9383
9383
9384
9384
9384
9385
9385
9385
9386
9391
9391
9391
9391
9391
9392
9392
9393
9396
9397
9398
9398
9400
9400
9400
9401
9401
9402
9404
9407
9409
9412
9413
9414
9415
9416
9418
9418
9418
9419
9419
9420
9422
9422
9423
9424
9425
9425
9426
9428
9430
9431
9432
9432
9433
9434
9435
9435
9437
9438
9438
9440
9441
9441
9441
9444
9444
9448
9450
9450
9451
9451
9452
9452
9452
9454
9455
9455
9455
9457
9458
9458
9459
9460
9460
9461
9462
9462
9462
9463
9465
9465
9466
9469
9469
9470
9471
9472
9473
9473
9475
9475
9475
9476
9476
9477
9477
9478
9478
9480
9481
9482
9482
9485
9486
9486
9486
9487
9489
9489
9490
9491
9493
9493
9493
9494
9494
9495
9496
9497
9497
9499
9500
9502
9503
9503
9504
9504
9505
9506
9506
9506
9507
9510
9513
9514
9515
9516
9518
9521
9522
9526
9526
9527
9527
9530
9531
9532
9532
9534
9535
9535
9536
9537
9537
9540
9541
9543
9543
9544
9547
9547
9550
9550
9551
9551
9552
9552
9553
9555
9555
9556
9557
9561
9561
9561
9561
9562
9562
9563
9564
9565
9565
9566
9568
9571
9571
9572
9573
9573
9573
9575
9576
9579
9581
9581
9582
9582
9583
9585
9586
9587
9587
9589
9590
9591
9595
9595
9596
9598
9598
9598
9599
9600
9601
9603
9604
9604
9604
9605
9605
9605
9605
9606
9606
9607
9608
9608
9610
9610
9611
9615
9619
9619
9619
9620
9620
9621
9623
9623
9624
9625
9625
9625
9626
9628
9628
9630
9631
9631
9633
9634
9635
9638
9640
9640
9642
9643
9644
9644
9645
9646
9649
9649
9651
9653
9654
9654
9655
9655
9658
9659
9660
9663
9664
9664
9665
9665
9665
9666
9668
9668
9670
9671
9671
9672
9673
9674
9675
9676
9677
9677
9678
9679
9680
9681
9682
9683
9685
9686
9686
9687
9688
9692
9692
9693
9694
9695
9696
9696
9699
9701
9702
9703
9704
9705
9708
9709
9709
9710
9710
9710
9710
9712
9712
9713
9714
9715
9716
9716
9717
9718
9720
9720
9724
9725
9725
9725
9728
9729
9729
9729
9730
9730
9731
9731
9732
9733
9735
9735
9735
9736
9737
9737
9738
9739
9739
9740
9741
9743
9743
9745
9745
9746
9747
9747
9747
9749
9750
9752
9753
9753
9756
9757
9757
9758
9758
9759
9760
9766
9766
9770
9772
9772
9773
9773
9773
9775
9775
9777
9777
9779
9780
9780
9781
9782
9782
9784
9786
9786
9788
9789
9790
9791
9791
9792
9793
9793
9794
9795
9795
9796
9798
9798
9799
9799
9800
9800
9801
9802
9802
9805
9806
9807
9807
9808
9808
9808
9809
9809
9809
9810
9811
9811
9811
9813
9814
9815
9817
9817
9819
9819
9819
9821
9821
9823
9826
9826
9826
9827
9829
9830
9830
9831
9832
9835
9836
9837
9837
9838
9839
9840
9841
9842
9842
9843
9843
9844
9846
9846
9847
9847
9848
9848
9850
9851
9851
9852
9852
9853
9855
9855
9856
9856
9856
9858
9859
9861
9861
9861
9862
9863
9863
9864
9866
9866
9866
9866
9867
9867
9867
9872
9872
9873
9875
9878
9878
9880
9880
9881
9881
9882
9883
9885
9888
9892
9893
9894
9894
9895
9895
9896
9897
9898
9898
9898
9900
9901
9901
9904
9904
9905
9906
9909
9909
9910
9910
9913
9914
9914
9916
9916
9920
9922
9922
9922
9922
9922
9922
9924
9927
9928
9931
9932
9932
9932
9937
9937
9939
9939
9940
9941
9942
9943
9943
9946
9947
9948
9948
9950
9950
9951
9954
9954
9955
9957
9957
9958
9961
9962
9963
9963
9964
9965
9965
9966
9967
9967
9968
9968
9970
9973
9973
9975
9976
9979
9979
9979
9980
9982
9983
9987
9989
9989
9992
9992
9992
9994
9995
9996
9997
9998
9999
9999
9999
